200
A
75 77 56 77 29 70
63 97 47 48 37 54
97 56 86 53 64 63
A
88 100 23 44 18 2
53 16 18 81 19 20
55 96 75 31 76 96
B
24 94 93 12 47 89
67 85 93 83 47 90
70 98 64 13 16 65
B
83 34 50 2 53 56
49 79 87 76 26 32
99 20 76 10 66 64
A
2 56 11 48 97 32
46 60 44 13 24 13
47 57 62 48 9 18
B
39 56 23 17 39 21
36 14 83 53 77 11
55 84 73 2 81 4
A
40 99 11 64 12 10
20 25 57 81 94 57
71 49 79 87 87 52
B
52 86 27 80 48 81
64 20 34 96 75 33
35 25 95 50 88 4
B
13 13 54 6 21 24
7 99 63 45 2 36
97 87 62 76 34 94
A
5 28 86 31 12 73
56 58 22 43 14 95
7 78 48 13 98 72
A
96 86 63 50 21 11
88 83 87 22 28 77
78 55 15 61 18 87
B
76 60 10 41 55 17
18 54 29 15 77 99
62 62 13 63 83 76
A
17 62 24 44 90 53
51 56 13 68 94 80
95 54 90 87 60 6
B
13 86 70 90 36 84
51 100 46 85 75 48
1 36 71 97 78 24
A
33 36 66 27 16 13
32 57 99 43 62 55
55 99 24 96 34 59
A
33 57 35 8 4 36
95 75 84 24 50 82
57 37 47 35 4 11
B
60 10 60 21 16 66
19 91 14 4 50 64
37 58 98 96 61 85
B
87 68 14 36 49 22
25 48 8 28 10 25
88 71 36 8 86 53
A
77 18 82 78 81 70
35 79 65 95 63 7
34 83 20 69 83 93
A
82 100 73 92 76 60
62 63 19 100 15 49
76 33 83 53 13 52
A
43 69 33 6 75 18
88 46 39 70 38 83
52 37 55 43 12 14
B
26 33 55 40 81 82
24 15 86 89 67 24
31 87 9 36 61 26
A
6 64 45 95 47 48
31 1 90 94 15 97
19 99 4 10 31 85
B
46 71 22 64 94 52
50 2 40 62 28 14
19 91 58 13 89 5
A
90 46 88 56 95 58
6 98 67 88 82 52
85 52 25 48 98 77
A
51 68 10 78 81 28
21 91 40 9 47 34
50 45 73 5 39 30
B
88 49 50 69 52 34
73 77 34 22 5 82
72 72 44 50 4 23
B
94 15 82 93 100 32
37 73 88 27 54 50
14 54 51 34 6 36
B
34 69 79 38 3 51
61 46 52 16 68 73
62 34 6 54 34 37
B
6 77 68 11 78 33
65 28 66 22 63 24
7 84 54 44 86 4
B
31 55 71 50 79 32
84 85 37 69 73 78
74 49 97 36 78 81
B
5 99 25 20 74 31
3 27 26 88 31 81
70 37 4 71 16 87
B
52 24 74 24 53 99
25 2 35 54 82 86
59 80 63 30 53 93
B
32 19 23 14 99 44
50 54 14 17 41 20
68 64 45 44 68 44
B
69 30 73 51 67 83
82 29 12 87 22 47
18 40 69 31 90 12
B
44 26 49 84 97 16
99 93 11 66 36 30
35 65 3 37 32 85
B
60 49 56 33 95 25
24 16 55 14 27 39
9 4 87 44 52 54
B
45 65 59 80 94 45
97 48 33 80 85 3
91 33 10 24 79 35
A
94 41 12 73 79 72
76 65 15 80 19 8
24 35 19 55 28 15
A
28 48 82 12 2 73
96 11 48 74 45 46
20 86 10 92 16 81
A
81 96 98 51 55 73
85 73 28 64 88 30
91 87 64 54 88 88
A
98 35 75 95 32 94
32 41 37 47 74 7
79 21 57 81 75 29
A
100 8 81 39 90 23
25 53 29 64 40 77
13 26 51 7 9 96
B
50 84 37 75 43 15
95 99 96 21 79 12
20 87 44 10 28 19
B
80 47 49 71 23 62
48 26 20 56 73 58
57 57 46 31 51 60
A
49 7 98 27 71 17
65 14 27 92 84 12
23 30 13 45 5 26
B
82 45 100 54 54 56
62 99 39 12 59 15
12 17 12 91 87 81
A
53 59 51 36 22 73
18 34 70 74 59 61
55 56 12 60 9 20
B
8 58 37 18 24 1
34 88 91 21 20 49
73 78 99 60 99 24
A
85 93 50 95 5 56
50 17 68 59 36 93
18 45 29 35 68 81
B
55 23 40 26 72 12
3 70 24 54 93 100
90 37 2 84 42 57
B
58 76 44 45 68 61
89 49 47 56 29 66
63 52 6 88 23 69
A
44 92 96 89 92 37
25 45 72 18 1 57
75 77 52 19 96 64
A
44 10 15 25 76 29
76 81 16 50 1 58
93 93 5 33 36 93
B
32 65 75 32 21 2
60 73 72 8 36 31
51 46 45 75 73 73
B
5 40 51 5 50 96
49 6 28 36 99 37
67 63 64 51 83 17
B
55 88 69 43 70 72
88 14 46 60 38 100
16 30 50 20 79 97
A
84 77 56 82 13 75
44 28 25 27 96 86
33 36 55 75 5 26
B
71 23 25 8 22 40
37 24 12 67 20 32
51 48 39 32 13 13
B
40 37 6 36 75 38
71 81 65 27 6 78
97 80 55 5 54 94
A
77 57 60 48 88 62
48 79 45 60 91 72
99 80 29 86 6 19
B
86 83 35 43 12 31
22 66 87 27 12 32
55 20 43 55 8 4
B
38 100 61 80 24 11
59 52 49 64 70 56
1 52 42 43 16 73
A
33 11 43 96 42 98
16 36 52 75 91 53
12 91 65 91 14 75
B
17 23 17 87 31 18
90 72 12 5 44 28
90 7 71 85 100 20
B
36 71 74 26 75 37
68 39 28 33 13 81
50 88 97 36 18 66
A
89 78 82 85 5 71
91 27 55 90 46 7
25 16 80 3 90 17
B
80 96 3 45 76 4
32 24 39 1 90 15
89 67 96 73 23 18
A
50 25 5 95 31 81
63 62 35 4 30 57
84 25 11 28 52 14
A
76 52 11 65 18 51
83 14 24 5 83 90
6 7 94 1 37 27
A
51 61 18 80 17 1
5 79 80 8 92 42
83 95 4 99 13 55
A
78 30 90 60 19 95
19 65 47 7 91 61
57 3 79 37 72 31
A
50 63 100 42 56 35
88 60 85 100 14 18
29 43 7 41 13 53
A
77 100 65 67 12 22
70 42 10 41 73 2
42 87 53 35 94 87
A
53 72 74 18 89 3
12 47 43 25 99 53
1 50 17 20 62 90
A
3 51 33 27 52 74
65 5 9 59 43 83
63 14 56 81 54 10
B
52 52 68 51 56 21
52 73 92 65 14 32
20 65 64 98 68 89
A
24 97 73 67 79 87
32 87 67 86 96 63
37 100 82 39 55 2
A
79 45 7 93 76 26
9 91 24 28 80 38
52 28 62 70 59 48
A
45 67 38 40 29 27
91 10 17 46 64 59
24 8 18 68 36 43
B
26 18 56 5 7 7
85 68 28 43 16 28
39 82 18 30 62 44
A
71 60 66 34 71 41
94 88 9 29 82 88
54 52 43 11 58 1
A
78 28 89 45 8 79
26 25 8 39 68 28
9 79 45 95 1 86
B
88 46 68 22 33 73
73 76 83 82 28 29
59 56 69 55 63 47
B
87 7 70 6 34 31
36 79 25 37 16 64
24 61 83 97 45 55
A
72 90 3 100 18 13
7 39 68 21 37 51
59 43 21 64 77 51
A
7 27 35 74 42 11
86 24 59 30 78 80
2 67 34 53 37 98
A
27 17 31 63 68 89
58 88 52 34 90 2
92 16 89 17 57 51
B
32 9 83 9 88 84
28 73 88 16 71 98
42 87 28 56 6 16
A
93 19 98 82 21 41
49 61 57 5 11 58
36 71 41 97 11 76
B
83 16 91 5 13 84
44 93 39 49 60 4
94 79 1 75 51 94
B
11 50 80 73 60 68
43 52 16 5 79 91
88 94 33 44 59 16
A
51 6 36 10 61 29
40 62 55 90 7 30
52 56 62 76 15 29
A
18 44 75 97 86 14
90 18 58 48 85 44
50 90 31 60 51 59
A
64 66 41 70 95 44
77 8 72 44 88 42
61 31 68 57 68 82
A
85 91 98 69 86 48
11 17 59 13 27 9
28 92 1 49 39 45
A
98 68 68 86 9 81
16 76 89 36 9 87
20 51 85 41 37 32
A
5 42 15 31 50 42
75 51 90 65 47 66
62 14 86 47 74 66
A
1 54 50 10 93 21
12 77 61 48 60 63
52 1 29 35 2 22
A
52 63 73 50 29 34
15 14 33 88 31 47
89 36 96 50 28 16
A
56 29 61 67 43 12
19 72 46 21 93 6
24 56 30 74 84 16
B
49 48 76 31 94 16
66 41 65 46 8 77
53 36 37 20 79 1
B
50 46 10 94 4 34
49 33 59 84 100 46
84 47 73 14 92 40
B
32 4 77 40 81 29
27 69 100 5 69 90
6 67 99 52 70 84
B
54 42 36 54 88 71
52 12 37 96 52 68
27 7 96 18 39 76
A
8 76 1 76 17 59
42 67 10 63 51 61
17 92 48 22 31 71
A
95 7 20 46 26 99
4 21 16 43 96 64
50 23 17 25 91 75
A
58 36 81 8 96 49
99 96 70 82 66 95
76 24 14 21 49 12
B
21 80 18 68 43 67
43 59 44 33 85 62
90 20 94 97 68 43
B
15 12 29 80 58 4
55 72 76 3 35 99
75 14 69 42 9 35
B
19 30 17 4 91 58
23 85 55 42 79 2
56 90 82 87 48 85
A
71 60 95 5 10 69
71 78 63 79 65 46
97 94 14 100 85 72
A
21 78 68 51 79 24
40 12 62 39 96 3
9 55 49 66 16 70
B
94 32 14 58 29 62
51 43 14 87 66 40
59 43 7 9 73 82
A
84 96 39 79 50 100
85 98 65 52 67 52
97 50 17 54 79 78
A
73 43 95 90 82 6
32 41 66 56 74 66
39 69 57 69 18 8
A
68 24 56 86 75 53
36 91 58 66 20 66
90 63 61 79 96 18
B
36 83 65 10 49 55
30 57 75 48 64 79
67 87 86 52 61 90
A
3 48 4 22 13 45
36 25 23 32 42 84
19 25 100 80 25 54
B
81 28 9 44 58 75
82 96 78 42 85 17
96 32 72 69 97 17
A
73 39 88 67 23 6
43 74 86 67 28 47
99 7 7 94 17 33
A
12 10 68 96 26 63
80 50 31 28 66 87
52 56 74 18 30 32
B
4 69 78 83 15 76
41 21 69 57 53 95
20 14 62 68 92 76
A
41 59 26 58 45 77
65 71 47 95 2 6
50 70 36 32 36 63
B
8 84 33 12 78 52
25 92 19 68 67 17
8 25 42 17 70 71
B
92 17 28 93 22 77
14 9 60 1 72 83
8 55 15 71 84 19
A
75 37 63 42 6 22
18 47 91 87 17 72
30 33 99 22 7 27
A
67 86 87 38 20 94
44 87 64 28 5 11
54 93 25 95 98 98
A
45 88 51 13 11 33
98 61 54 56 87 93
22 24 79 12 96 25
A
82 40 86 86 50 40
78 26 86 76 76 50
72 15 53 36 26 85
A
38 90 40 77 82 14
100 61 77 47 85 83
28 76 21 13 78 60
A
3 97 70 30 47 93
45 51 28 70 35 13
59 76 4 35 58 69
A
70 45 33 6 80 61
81 100 25 58 11 19
13 7 88 42 5 80
B
7 8 7 41 72 18
69 75 52 78 96 38
47 40 23 52 71 35
B
70 59 42 32 78 6
39 17 47 95 97 85
2 56 43 94 79 60
B
5 12 91 100 1 37
40 75 40 62 9 24
32 68 17 15 97 22
A
65 20 100 61 4 53
68 99 46 46 58 60
51 21 50 2 74 39
A
48 78 55 57 53 38
76 69 52 24 42 57
88 62 56 1 17 60
B
15 57 66 25 16 68
45 18 69 70 56 62
18 85 68 26 38 5
A
58 56 76 100 12 15
61 19 15 77 78 35
44 35 52 68 2 19
B
71 39 86 78 52 55
63 19 80 52 23 32
9 79 59 8 42 25
B
61 92 49 90 78 44
76 29 11 78 99 26
100 37 63 78 41 17
B
59 96 43 82 79 3
12 89 63 53 14 34
65 57 82 7 34 25
B
62 87 59 60 65 11
48 27 88 88 44 79
99 91 73 32 22 27
A
10 89 47 75 23 64
31 56 70 64 33 51
77 71 62 88 35 72
B
14 59 75 57 89 73
99 61 56 20 87 98
30 28 97 56 2 60
A
57 29 50 89 79 27
60 40 66 46 11 1
59 21 28 67 9 52
B
21 8 37 60 57 18
87 53 74 40 12 60
96 40 61 37 19 39
B
10 5 93 73 57 4
93 36 70 54 88 87
26 47 24 85 3 41
A
56 66 14 67 77 10
59 90 46 77 80 45
38 84 37 10 93 40
A
28 62 60 67 48 85
13 23 22 16 16 96
23 81 10 89 10 71
A
99 68 27 78 12 65
14 48 26 6 40 80
85 1 91 4 48 76
B
23 49 83 38 44 5
70 5 46 79 75 44
77 42 71 7 53 35
B
53 12 77 92 92 13
92 82 16 91 9 32
13 57 66 2 53 71
B
57 68 2 84 11 31
25 33 37 30 67 56
82 79 84 73 22 96
B
55 12 6 16 95 71
24 60 72 76 82 95
85 49 49 68 12 79
B
44 15 73 63 22 6
93 5 78 14 100 45
20 63 3 35 9 25
A
69 96 86 2 43 70
3 91 89 14 69 33
57 35 5 71 56 11
A
12 40 28 11 37 48
26 39 34 34 63 44
54 10 82 56 4 51
B
46 92 23 66 24 31
100 80 2 7 42 64
18 34 92 81 70 91
B
60 76 39 74 20 45
35 53 52 39 3 61
84 46 83 50 21 65
A
1 66 8 94 82 25
79 25 5 100 15 62
59 42 53 84 61 97
A
13 48 9 68 60 92
65 42 93 86 58 46
38 76 53 31 57 29
B
81 34 9 47 95 20
88 47 55 1 95 73
65 94 81 84 53 25
A
46 69 86 4 14 23
79 18 53 87 47 14
67 32 75 65 78 46
B
77 100 4 71 25 21
65 5 4 17 81 4
15 50 89 18 15 11
B
33 16 34 79 29 52
62 55 16 39 100 19
15 52 75 38 76 95
B
80 50 70 13 54 84
62 94 53 28 57 100
60 72 33 90 52 36
A
7 51 90 6 22 56
57 96 93 32 42 46
64 91 16 28 96 51
A
42 56 68 98 55 28
69 40 69 20 75 20
26 78 61 84 51 16
B
98 9 76 39 54 91
81 21 18 29 24 58
70 79 25 67 85 4
A
76 73 58 51 44 36
80 4 19 30 71 62
27 79 37 17 85 27
A
57 44 25 32 53 46
10 30 64 47 33 2
22 57 60 24 52 95
A
55 65 84 26 26 10
56 15 26 92 93 75
1 89 99 32 41 97
B
70 60 40 55 14 13
11 73 37 63 19 39
69 83 23 46 60 84
B
26 62 45 19 36 45
7 86 29 47 82 22
69 94 13 23 7 25
A
31 61 99 49 52 20
83 26 65 42 9 18
20 70 15 38 57 11
B
43 39 42 24 12 62
69 24 84 27 49 21
57 61 71 5 12 90
A
89 7 81 98 24 100
19 90 89 76 53 84
70 91 25 45 55 39
B
78 22 40 78 94 49
39 65 53 2 54 92
91 60 72 40 36 23
B
77 11 37 29 94 6
72 70 51 26 8 64
55 82 55 85 75 3
A
39 8 76 45 99 18
56 22 57 43 44 67
20 54 3 100 47 61
A
68 11 48 76 26 55
57 32 39 31 87 13
22 94 40 18 44 58
A
65 66 68 8 84 39
13 87 38 11 99 9
78 9 8 53 86 62
A
17 100 92 3 64 65
48 4 82 91 61 6
7 78 73 66 62 11
B
48 1 40 98 61 18
58 68 22 43 30 83
11 29 26 66 93 90
A
48 71 56 60 76 62
37 1 80 98 63 57
97 63 49 94 75 18
A
43 39 93 72 73 56
52 98 21 96 87 85
43 57 40 2 85 54
A
37 33 36 99 41 85
14 89 78 88 6 29
82 97 73 53 69 28
A
67 48 52 53 85 95
62 24 48 46 29 38
34 13 26 84 54 10
A
94 87 89 52 67 70
100 40 75 20 19 31
86 19 82 91 3 28
B
78 76 49 7 13 34
19 38 17 24 47 66
70 86 54 73 52 23
B
43 97 43 14 27 81
32 61 71 86 88 74
15 15 74 21 80 7
B
17 75 67 16 40 88
53 93 12 4 68 35
99 16 30 12 95 10
A
55 32 32 94 57 46
9 82 19 88 40 62
56 14 28 23 54 68
A
98 31 31 17 66 81
33 47 44 79 8 90
33 39 21 78 95 18
B
28 36 25 67 97 81
80 77 55 85 44 30
35 74 12 51 91 92
A
89 35 65 96 24 97
34 96 27 80 13 12
7 49 89 25 97 21
A
73 75 41 68 56 75
94 19 26 84 10 12
25 96 77 20 71 25
B
18 51 85 31 15 44
31 55 68 27 75 24
52 1 65 19 57 39
