200
B
39 96 46 71 33 90
95 94 32 15 29 14
38 16 54 35 93 62
B
25 50 89 2 64 20
38 23 12 31 65 4
21 13 1 43 45 90
A
90 21 4 70 86 41
85 40 76 77 1 49
2 3 90 55 66 9
B
89 73 74 5 76 94
17 76 37 61 65 25
3 38 28 72 75 69
A
66 44 85 19 44 38
21 85 44 38 94 88
78 66 61 83 93 7
A
20 43 12 36 19 66
25 47 37 100 67 45
65 62 82 83 57 19
A
42 63 93 87 2 70
4 62 4 96 68 55
15 62 66 2 81 31
A
79 19 26 97 64 42
10 45 77 66 15 31
7 29 75 93 30 45
B
44 100 43 11 54 9
25 19 11 57 1 37
87 72 62 83 87 55
B
83 31 57 97 62 16
26 36 8 7 32 56
50 32 98 13 37 7
A
56 17 93 8 5 31
79 18 13 17 72 56
99 3 64 96 16 79
A
3 87 79 87 94 29
70 91 41 6 49 29
13 17 73 21 21 3
A
90 67 68 62 22 66
16 37 13 31 16 37
85 54 16 71 47 96
B
89 88 46 90 68 58
6 40 30 79 94 33
68 60 52 81 33 69
B
69 82 78 84 18 63
89 85 85 35 32 25
76 19 22 65 86 31
B
77 61 52 70 93 20
29 44 100 13 12 48
34 45 25 69 15 39
B
99 24 44 31 48 19
1 21 35 87 51 57
15 11 8 85 55 79
A
50 31 78 14 78 11
58 54 79 72 93 88
23 16 32 5 15 2
A
35 37 43 85 45 58
48 4 42 2 83 58
52 13 35 65 42 97
B
95 28 98 87 15 20
54 98 76 68 100 80
54 88 75 39 32 32
B
35 25 39 69 34 42
33 21 58 74 17 84
21 96 81 59 63 100
A
60 75 32 59 6 86
98 80 76 29 63 13
16 39 3 84 73 97
A
93 54 94 61 37 14
9 69 25 71 68 89
30 94 72 41 52 9
B
83 36 19 98 48 34
36 3 69 60 99 37
4 4 83 17 93 48
A
61 72 95 81 12 76
26 84 16 77 44 54
12 80 72 9 79 57
B
81 25 8 31 14 63
35 96 79 79 43 3
39 67 49 71 78 25
A
13 40 25 57 45 88
88 68 96 66 24 44
47 1 3 77 14 65
A
61 44 41 55 98 32
21 99 2 51 23 50
15 14 75 71 11 62
B
30 10 76 54 5 22
54 7 50 19 23 65
31 18 5 85 16 88
B
66 90 8 40 91 22
5 17 93 15 79 2
45 40 77 50 96 50
A
2 52 25 76 16 55
94 72 39 61 60 96
26 1 3 65 91 25
A
8 69 36 38 22 32
29 51 81 24 100 35
77 3 11 52 18 65
A
90 3 57 1 51 82
1 53 98 43 29 67
2 97 54 91 19 85
A
69 17 94 20 3 22
23 13 74 92 77 22
81 31 79 81 81 12
A
86 10 28 14 28 29
63 81 20 81 17 90
1 33 84 72 35 5
B
47 30 38 75 52 70
57 82 3 38 93 35
75 2 14 40 29 43
B
61 14 82 77 3 34
61 38 58 95 43 3
93 24 92 19 27 62
B
8 64 65 1 50 39
54 64 78 83 58 80
95 71 13 24 25 47
B
15 56 31 57 58 75
32 50 94 59 11 69
18 26 33 18 27 71
B
90 100 6 99 31 52
21 44 75 46 42 11
60 97 93 68 6 67
A
55 60 61 17 28 79
94 12 48 21 34 19
10 34 76 61 64 28
A
59 54 78 100 16 89
48 8 8 54 75 59
60 86 19 77 14 49
B
77 97 90 11 67 52
44 43 12 59 22 44
70 27 22 69 43 10
A
50 18 22 76 28 33
62 98 9 27 47 31
3 95 72 65 61 75
B
55 86 19 28 82 88
55 3 8 49 64 28
50 33 49 26 60 82
A
10 42 17 56 24 19
2 96 84 62 70 43
69 8 13 96 89 52
B
43 12 50 6 39 100
39 40 77 50 21 67
59 14 83 66 38 1
A
85 36 81 6 31 49
13 95 96 53 47 98
95 58 99 53 96 50
A
35 26 92 7 92 3
73 74 68 62 27 87
46 14 67 51 44 67
B
91 14 20 37 11 15
46 62 19 93 11 61
80 37 4 38 80 6
B
6 26 71 32 12 68
97 30 71 93 48 86
83 61 5 19 24 71
B
85 89 8 95 1 87
83 5 25 63 62 34
20 87 57 3 50 24
A
31 46 91 78 31 73
91 88 43 66 10 58
50 51 66 96 51 52
A
7 76 45 69 62 64
7 18 66 57 93 64
39 39 55 17 21 79
A
60 22 24 70 79 25
20 44 20 22 48 2
29 75 46 97 36 9
A
5 26 11 50 90 50
40 96 18 60 26 28
72 47 51 41 78 27
B
73 98 33 20 100 61
95 45 9 82 6 64
87 31 26 88 72 27
A
19 96 38 45 23 9
43 25 1 20 3 12
93 1 97 64 100 9
B
96 18 92 53 33 30
36 10 17 7 37 95
78 84 32 22 7 93
B
83 93 36 86 57 80
86 53 95 37 61 5
84 30 96 37 62 25
B
24 93 30 60 87 7
43 70 80 1 62 96
84 55 83 21 63 14
B
15 8 46 27 12 29
9 59 65 70 83 88
93 27 18 4 13 76
A
83 56 99 96 3 34
2 85 6 64 98 63
30 57 8 57 69 37
A
27 53 86 62 93 31
40 10 86 53 85 84
87 92 35 82 94 68
B
30 74 99 79 88 81
36 96 37 56 84 53
34 88 90 47 80 72
A
41 10 91 78 93 77
69 27 10 15 47 97
96 20 96 75 7 76
B
54 64 69 89 68 2
77 9 1 8 33 87
49 42 29 26 86 57
B
13 66 60 11 63 56
30 10 82 88 37 95
94 100 63 34 19 16
B
79 16 70 11 54 70
52 82 95 38 38 92
2 56 52 12 70 59
A
31 92 32 67 86 25
18 100 59 36 15 20
14 83 41 77 88 10
B
70 56 17 59 48 18
66 51 81 35 9 73
17 52 57 83 89 81
B
88 91 87 54 63 53
88 3 29 76 65 56
97 20 25 7 67 94
A
17 75 59 77 99 76
80 55 10 68 88 10
7 30 48 61 92 100
B
47 80 23 11 36 71
30 12 78 49 5 50
65 31 60 94 30 35
A
36 45 93 23 6 99
53 5 59 96 5 59
42 84 81 4 71 4
B
34 81 34 39 30 50
69 41 43 50 76 68
38 72 60 12 29 58
B
33 69 12 37 27 5
73 59 9 95 62 94
29 42 27 19 23 28
A
64 23 89 91 90 78
14 1 89 42 10 5
74 78 16 63 56 20
A
15 80 81 28 73 9
22 51 27 96 79 66
11 1 6 1 42 83
B
42 71 7 51 75 81
81 42 43 36 14 29
2 93 61 30 66 70
A
68 48 98 46 13 9
98 70 9 91 52 75
84 23 81 35 49 61
A
43 55 54 56 35 56
48 96 85 65 17 87
33 64 36 30 29 44
B
98 5 18 50 79 2
24 59 88 24 72 6
66 78 59 21 65 14
A
60 50 33 28 88 17
91 24 47 19 67 74
17 23 43 18 1 96
A
12 35 16 35 92 82
64 51 2 28 16 22
39 66 55 66 5 71
A
80 69 27 99 94 95
21 89 64 22 84 4
85 71 20 19 14 53
B
64 54 62 80 76 100
97 82 18 53 4 26
33 73 4 31 66 51
A
54 14 24 90 70 60
12 89 78 25 93 12
41 46 73 20 73 24
B
54 41 72 10 18 4
82 22 86 99 72 89
53 85 64 94 54 24
A
94 53 29 86 16 69
84 88 40 56 64 59
62 4 83 71 74 86
B
95 24 2 18 64 6
54 79 99 8 54 55
53 7 36 91 22 56
B
62 48 81 25 58 94
80 40 64 53 78 19
99 1 73 16 16 30
B
46 81 29 100 35 33
58 22 23 31 78 48
92 77 29 68 34 22
B
74 38 4 51 8 3
3 32 70 70 62 91
15 42 19 14 28 4
A
2 26 54 79 74 45
55 54 65 40 27 64
13 64 67 63 24 21
A
55 91 86 68 33 1
61 4 66 89 7 89
42 32 42 72 57 38
B
10 2 17 89 17 30
4 36 44 27 8 61
34 50 46 1 83 98
B
86 64 2 92 4 43
75 45 14 32 34 91
93 36 7 81 4 36
A
91 32 63 99 92 96
100 89 49 82 39 10
19 54 11 10 57 5
A
53 18 68 86 8 12
21 66 45 77 54 81
19 85 43 69 28 91
A
16 39 2 6 100 21
59 10 30 15 66 66
67 83 85 53 42 97
A
7 41 53 12 21 72
96 15 40 75 57 60
43 47 62 48 46 82
A
7 63 73 72 29 92
6 65 96 47 61 20
6 53 25 17 25 48
A
40 39 39 48 99 33
95 60 81 40 93 39
99 55 11 70 35 54
B
100 49 74 12 21 79
65 45 48 89 92 64
80 30 54 28 80 87
B
91 19 13 83 57 63
90 19 85 24 73 12
75 21 85 87 41 16
A
37 15 91 80 78 23
62 31 50 41 69 23
32 87 87 66 43 50
A
14 86 31 86 97 5
58 81 43 51 48 45
87 62 88 67 91 10
B
74 11 20 94 33 51
81 71 69 75 72 23
88 57 5 73 53 10
A
86 4 33 33 49 71
47 36 89 89 97 16
14 7 88 8 39 90
B
61 58 62 33 33 50
89 37 74 42 98 56
27 2 40 11 2 11
A
37 99 50 85 67 63
91 54 70 81 95 57
41 53 71 73 85 72
B
73 97 55 71 5 33
24 44 43 25 54 4
13 5 53 97 71 15
A
76 85 19 70 93 59
74 15 32 10 86 45
83 83 99 5 39 31
B
82 25 4 88 28 68
92 32 16 14 47 54
89 83 72 10 27 30
B
42 13 93 79 9 27
13 59 31 51 89 10
33 66 65 20 45 32
A
77 99 76 75 52 16
9 23 25 87 5 60
28 69 53 59 78 79
A
88 62 22 77 23 6
94 88 77 38 71 39
66 70 66 92 21 33
B
96 9 39 52 69 66
20 73 76 49 3 47
37 16 20 65 39 77
B
26 53 47 96 43 65
17 8 56 38 92 8
85 100 46 36 68 63
A
92 39 56 95 37 44
10 8 8 48 84 17
25 36 15 73 30 79
A
89 87 78 80 46 62
79 43 97 99 57 4
90 47 11 36 35 54
B
42 13 97 25 29 22
12 43 46 41 74 34
81 12 12 60 9 73
A
51 22 89 59 77 30
6 39 18 40 92 15
82 56 63 58 84 84
B
78 29 62 3 15 43
14 26 54 74 50 44
24 23 32 83 99 14
B
89 31 79 32 97 12
87 59 70 70 43 91
100 23 4 2 89 98
B
14 52 41 16 95 17
38 79 51 89 92 42
77 74 20 9 70 84
A
28 5 17 22 95 16
97 50 69 85 48 88
51 99 81 66 45 49
A
75 99 43 18 40 72
91 11 80 12 46 26
40 50 94 13 96 9
A
46 30 46 45 17 96
95 97 13 39 97 67
14 95 62 31 86 33
B
49 64 85 94 41 24
96 35 89 91 95 97
88 24 94 32 93 89
B
41 53 17 38 72 30
84 33 12 70 17 37
70 80 22 15 20 97
B
6 85 53 1 34 92
24 27 24 16 68 1
9 20 17 46 91 98
A
75 10 50 43 46 71
22 19 86 94 16 47
51 52 51 51 85 43
A
12 18 42 31 18 50
50 35 47 93 32 76
19 93 25 62 91 96
A
9 33 80 76 31 31
28 82 81 64 76 7
27 93 1 57 62 50
A
48 97 51 32 24 69
76 48 82 66 95 17
27 79 96 2 10 26
A
43 59 45 18 65 71
62 65 28 75 67 86
23 15 88 6 38 56
A
37 38 47 32 6 25
10 1 26 19 79 59
61 37 3 30 1 25
A
18 4 18 84 89 92
98 28 97 35 84 77
71 73 23 54 78 47
B
30 25 86 8 83 47
96 37 28 97 13 71
66 17 40 49 57 31
B
85 27 32 20 3 54
92 78 60 21 76 75
2 100 60 10 34 58
A
22 86 53 35 8 70
3 47 18 59 29 15
95 55 98 14 57 4
A
86 63 29 62 89 31
13 48 92 47 6 48
20 43 1 6 2 70
B
100 40 19 28 6 65
82 56 79 90 11 87
76 25 16 37 13 98
A
60 89 99 17 36 19
59 88 24 12 10 84
11 1 54 38 6 18
A
13 48 61 23 35 88
47 2 76 59 99 76
71 39 75 87 74 93
B
14 68 9 75 3 72
75 8 61 32 26 32
45 73 44 19 59 31
B
60 6 76 10 33 98
48 7 85 74 51 34
39 71 94 13 73 65
A
33 26 70 58 57 66
82 52 85 93 82 2
4 39 29 14 71 27
A
30 63 38 80 96 76
50 89 40 75 54 78
59 31 100 16 39 65
A
90 1 41 23 2 97
13 83 10 83 9 74
64 71 12 96 66 39
A
54 31 23 59 60 81
89 59 96 27 24 97
68 76 89 90 78 85
B
60 46 37 20 20 52
90 83 47 7 73 44
12 55 66 71 15 47
A
73 94 90 48 90 57
24 31 99 53 15 52
64 61 40 83 32 92
B
66 38 30 38 81 93
93 47 15 59 45 26
31 38 67 31 80 75
B
10 25 58 24 77 73
36 16 55 67 7 30
84 45 11 74 77 3
B
75 18 76 19 95 6
57 13 88 88 87 93
97 64 2 20 40 74
B
55 80 26 14 9 10
10 71 83 86 74 100
13 43 75 31 89 32
A
53 20 26 91 64 74
54 66 46 93 91 53
100 23 78 13 83 39
B
54 21 11 79 20 23
21 46 54 61 78 44
13 49 22 3 12 95
A
29 40 1 72 44 52
94 22 16 76 60 89
29 33 100 59 4 22
A
50 27 91 27 23 55
75 44 10 38 90 18
67 82 70 90 25 22
A
98 37 10 10 26 39
42 25 97 45 98 28
94 25 70 72 47 25
B
42 86 36 83 3 2
64 72 91 41 93 25
38 82 34 47 7 24
B
83 73 85 80 52 30
56 21 2 54 97 99
47 82 34 30 36 87
A
8 29 85 52 53 23
33 39 21 91 14 61
25 86 45 5 37 74
B
10 27 66 58 26 12
92 11 93 27 98 38
34 26 22 38 31 96
B
21 17 13 34 77 89
20 73 45 8 98 57
69 25 74 27 2 37
B
12 30 96 9 67 82
87 88 19 69 84 92
89 52 56 74 28 45
A
52 89 53 49 45 73
73 70 51 26 7 68
38 36 16 98 54 97
B
41 15 4 76 6 44
27 14 70 6 58 14
57 46 66 58 43 91
B
12 41 8 18 61 97
5 76 94 58 72 30
51 38 85 78 95 81
A
8 50 14 65 63 71
63 81 80 5 71 61
68 11 68 38 71 64
B
46 10 52 69 91 54
6 75 31 1 55 39
8 56 53 25 19 75
A
99 54 43 21 66 62
83 34 99 54 49 93
51 10 96 20 100 49
A
75 31 77 81 70 85
37 74 61 7 48 47
57 1 41 77 66 2
A
51 1 64 52 45 15
61 92 86 13 92 10
87 22 87 19 43 23
A
16 83 13 63 81 69
15 21 97 33 74 8
35 26 71 38 22 37
A
13 22 63 4 84 1
78 22 71 20 96 78
88 30 42 2 62 63
A
34 59 1 7 18 87
33 41 77 54 29 27
19 3 41 22 38 41
A
59 63 71 6 40 58
87 34 59 48 96 27
81 6 79 39 24 66
A
16 42 29 44 20 47
46 60 20 83 52 19
93 14 89 50 6 46
B
39 56 83 34 83 15
91 61 54 14 78 76
29 19 56 25 90 2
B
49 22 5 52 92 97
66 80 47 23 77 82
61 84 17 46 66 31
B
27 36 2 56 64 82
75 19 6 64 21 28
65 94 32 16 85 80
A
16 26 55 44 60 67
27 28 64 93 10 52
71 46 53 26 61 86
B
79 92 68 51 71 84
44 54 99 80 33 84
95 11 38 90 70 57
A
97 72 61 6 23 83
3 75 60 63 13 12
94 56 31 96 26 14
B
79 12 71 11 47 18
21 85 7 42 93 23
90 64 35 48 87 17
B
13 77 17 77 40 10
32 70 5 57 83 96
87 46 19 50 93 36
B
29 42 16 73 17 5
88 51 52 26 68 6
39 96 22 15 35 31
A
4 87 7 38 83 94
35 1 95 79 88 16
59 29 31 83 97 36
A
48 39 96 67 96 86
62 17 53 48 47 51
3 86 57 92 68 2
B
20 96 57 7 12 67
87 42 50 84 29 20
83 20 15 1 15 53
B
84 5 61 30 7 63
15 63 54 34 65 31
5 60 87 63 23 54
B
17 55 37 97 74 19
68 40 71 83 44 84
66 48 44 47 54 6
B
69 59 99 85 89 56
96 28 18 19 33 71
35 87 7 83 12 77
A
3 47 85 47 30 2
94 73 100 100 30 13
68 88 64 52 29 19
A
8 88 17 40 11 3
78 17 86 89 94 88
91 92 72 37 22 73
