200
B
41 84 15 2 12 79
14 56 35 39 93 34
41 4 25 17 91 12
A
68 20 74 64 10 16
20 17 85 44 33 86
36 17 100 37 28 30
B
35 64 40 27 50 32
82 26 1 25 37 29
92 8 2 55 17 69
B
85 53 21 18 39 9
34 90 97 13 20 99
47 83 38 25 84 70
A
9 70 83 97 98 74
4 51 80 21 71 57
57 24 78 74 14 86
A
3 82 23 22 32 69
57 70 46 40 91 4
49 12 86 97 61 59
A
63 90 73 33 46 29
56 23 55 69 60 65
24 94 88 45 25 8
A
46 53 93 88 56 93
99 41 89 59 51 41
21 40 13 54 86 94
A
60 48 82 72 64 5
65 51 1 41 59 54
39 11 98 26 67 90
A
59 30 83 10 23 56
1 35 61 86 80 21
98 79 54 69 43 58
A
93 11 25 3 64 63
66 61 89 32 2 13
42 83 47 3 5 54
B
92 14 89 71 87 86
2 40 54 44 98 38
88 8 63 91 23 77
B
35 65 39 88 29 32
70 28 35 27 33 38
18 47 78 40 33 16
A
72 69 84 21 59 24
80 73 66 54 49 73
88 66 11 75 46 94
A
25 28 23 58 65 92
56 43 31 88 58 72
11 78 7 84 88 82
A
12 47 69 61 19 8
78 81 35 75 75 31
52 2 5 9 19 96
B
13 26 3 22 49 65
51 8 48 39 89 15
50 88 83 62 6 42
A
39 76 18 13 6 69
66 10 29 36 57 44
48 83 46 21 83 62
B
90 62 62 31 76 11
18 58 25 75 51 67
13 27 84 77 32 4
A
94 32 30 50 75 30
84 72 50 19 34 21
8 95 82 38 22 45
A
31 21 82 81 39 46
7 23 23 91 26 17
36 10 98 37 84 27
A
8 29 39 93 1 98
39 35 88 60 31 94
90 51 27 22 89 73
A
63 95 19 41 63 6
50 12 42 85 91 14
44 19 4 36 19 2
B
53 41 37 83 86 26
85 13 100 26 37 28
40 31 98 80 45 3
A
56 96 18 98 10 13
16 13 49 87 66 26
91 6 63 74 44 40
B
56 39 35 92 18 27
74 15 6 70 69 39
77 65 56 75 74 68
B
38 68 28 4 46 19
61 8 44 4 99 53
11 38 40 54 7 66
A
22 23 48 42 61 25
58 68 99 31 88 40
21 7 68 76 52 86
B
11 81 92 10 33 2
99 24 56 5 41 34
78 64 82 72 76 6
A
44 4 12 83 95 32
89 62 7 93 99 94
55 79 85 16 64 87
B
87 42 71 28 27 100
43 8 71 18 13 52
13 68 63 95 63 94
B
24 52 80 75 45 34
53 30 50 16 68 15
55 61 85 34 87 37
B
95 59 45 7 10 58
27 72 4 89 17 91
64 20 70 38 17 4
A
46 53 10 65 67 64
25 4 49 11 92 24
5 50 21 64 12 30
B
35 85 30 4 76 93
23 97 31 39 100 25
36 4 34 100 23 98
B
78 46 87 69 22 91
70 94 6 81 23 47
16 7 76 19 34 69
A
31 51 32 82 75 19
86 8 71 8 57 46
37 55 32 5 28 75
B
21 80 7 43 27 74
1 2 92 87 22 84
17 24 67 98 98 86
A
58 8 94 14 53 30
20 85 86 47 59 12
67 90 18 61 68 91
B
22 34 100 95 17 68
19 36 65 68 73 52
25 80 45 91 32 27
B
68 12 57 78 23 75
68 40 36 87 30 1
8 15 100 3 32 67
A
19 83 40 43 34 65
22 31 7 5 57 16
73 68 24 50 91 51
A
82 86 56 64 86 15
78 37 69 61 55 41
79 37 81 21 23 45
B
5 3 99 61 18 23
28 94 72 70 44 93
52 81 100 15 18 14
B
54 35 53 60 75 83
96 55 56 70 51 49
74 53 47 86 23 69
B
68 93 35 11 37 38
43 36 4 60 1 96
65 35 100 24 62 34
A
16 89 41 19 38 66
23 36 52 45 57 17
64 1 51 74 37 41
B
24 44 27 76 91 91
11 42 14 72 76 85
39 64 77 9 53 42
B
41 93 28 97 61 92
97 64 17 85 4 33
60 47 59 35 90 2
A
31 15 68 6 51 59
22 79 67 26 21 50
66 65 30 62 26 73
B
89 89 46 44 73 5
42 84 40 31 85 36
62 51 56 19 54 66
B
32 84 18 52 34 83
69 15 97 46 87 6
86 75 4 29 100 8
B
83 99 1 19 87 14
69 42 32 74 59 24
6 42 41 9 27 23
A
41 19 74 79 77 59
54 80 39 5 39 9
39 38 61 57 76 26
A
69 57 51 27 80 56
68 72 16 95 95 93
87 65 66 66 41 77
A
72 15 75 11 75 13
100 87 21 75 12 97
43 69 99 21 100 6
B
72 22 34 18 66 21
82 83 38 75 59 8
46 26 34 8 100 98
A
87 18 33 98 66 75
18 17 95 70 22 35
41 95 68 10 12 40
A
95 29 17 5 36 63
30 21 70 82 18 29
68 87 61 17 5 36
A
21 82 56 94 16 48
41 36 57 52 27 99
46 56 16 3 43 30
B
64 99 65 33 27 84
72 40 1 76 75 39
48 8 46 93 76 93
A
63 1 85 89 99 82
96 66 84 39 95 68
54 46 32 38 72 16
A
11 68 36 37 6 83
97 3 76 72 95 8
34 95 44 74 45 26
B
11 61 60 5 28 65
50 60 2 74 27 11
36 94 98 25 51 81
A
53 8 44 99 67 29
45 11 54 89 88 75
51 48 34 56 76 98
A
87 100 82 13 62 18
58 59 94 60 91 66
64 98 9 62 17 89
B
27 42 46 66 17 49
13 2 56 40 100 12
26 51 46 90 64 15
A
74 8 58 65 73 21
14 33 34 30 21 91
8 62 89 73 30 37
B
32 92 25 83 55 3
33 100 92 48 14 91
21 21 100 85 45 21
A
77 54 80 49 97 40
11 85 12 92 73 49
23 64 26 57 70 80
A
70 71 88 35 13 9
8 13 45 52 85 47
81 90 79 29 86 18
A
22 81 83 94 30 57
9 7 14 79 86 54
100 8 42 86 21 2
A
85 98 97 69 45 77
58 23 57 96 40 48
17 20 82 63 1 90
A
7 3 1 44 9 52
52 2 38 24 3 30
8 52 26 76 96 54
A
18 11 80 9 10 49
81 91 11 33 32 33
92 87 34 35 95 37
B
96 74 9 50 4 68
1 81 95 49 35 80
18 97 11 79 6 59
A
48 21 43 79 6 34
65 39 21 11 27 58
58 1 19 7 4 86
B
36 81 8 70 12 25
18 22 55 23 33 13
70 5 8 1 10 41
A
100 61 28 27 71 85
27 89 44 82 74 3
17 6 62 39 17 38
B
91 93 79 75 57 100
79 64 52 89 5 69
88 17 96 14 39 32
B
27 75 73 53 77 42
10 90 80 27 28 35
69 20 65 43 28 17
A
92 68 61 48 36 49
64 83 14 3 15 58
81 41 30 33 70 23
A
59 2 21 38 89 41
57 53 83 85 69 55
28 37 16 75 24 16
B
7 81 92 73 38 73
13 20 57 34 42 51
93 44 23 30 32 63
A
36 97 75 5 52 2
93 67 76 16 82 65
74 62 57 98 52 81
A
71 89 96 64 92 88
7 14 70 90 77 8
78 73 34 82 76 35
B
42 10 93 75 74 19
89 82 16 40 14 30
62 55 26 25 46 65
B
59 34 25 87 93 2
12 26 35 87 12 60
81 21 5 55 47 23
A
80 90 34 46 20 47
100 97 24 45 61 7
3 47 83 42 91 85
A
69 19 91 80 31 71
53 87 26 99 9 20
30 50 6 75 21 52
B
17 27 70 30 33 25
28 16 66 70 52 70
38 22 60 18 52 31
B
90 8 72 98 27 1
100 84 28 20 88 1
37 14 23 18 47 47
A
14 12 66 65 81 4
38 92 73 42 22 94
31 29 17 29 8 17
B
91 44 99 78 97 87
44 19 56 90 17 52
55 28 18 71 60 73
B
51 45 49 25 90 80
5 6 60 12 74 39
55 70 89 84 18 76
A
88 31 68 4 83 74
83 52 44 42 24 4
44 20 4 20 9 35
A
66 94 88 91 84 94
12 25 30 29 100 56
68 82 76 71 16 49
A
19 45 46 42 100 90
61 3 61 21 38 85
38 83 25 29 19 70
B
43 99 21 94 55 88
27 30 11 43 30 63
61 26 61 55 25 2
A
28 62 88 17 99 25
51 23 5 69 92 45
63 91 17 56 97 56
A
78 66 77 59 81 89
85 41 43 9 42 58
88 55 45 4 53 21
A
27 26 75 71 22 38
13 38 45 9 45 27
38 11 55 96 43 44
B
35 86 41 28 95 28
82 91 84 35 12 90
13 37 16 83 10 5
A
47 50 55 91 28 44
53 83 40 47 78 71
81 63 11 8 10 91
B
100 74 76 63 63 88
51 30 23 60 35 17
6 36 24 49 63 67
A
97 58 100 26 29 80
89 91 40 50 81 29
49 54 4 12 68 43
B
50 65 74 84 34 31
19 57 31 33 75 84
82 33 35 7 61 66
A
3 5 96 84 85 45
89 40 8 9 83 21
58 47 94 41 32 25
A
88 55 43 63 90 24
95 24 83 7 42 29
9 46 25 44 83 69
A
22 28 93 4 100 50
3 94 42 34 70 4
74 24 98 36 14 74
B
89 56 40 30 84 100
28 8 96 62 28 80
83 7 72 39 7 73
A
100 66 26 69 69 99
44 66 86 9 39 19
98 46 58 79 30 10
B
89 5 19 17 84 2
23 7 40 81 31 32
80 96 57 100 16 8
B
33 93 4 24 12 1
69 21 32 98 30 41
87 86 60 55 21 13
A
27 4 10 57 87 89
4 43 41 71 50 36
4 95 39 79 6 92
A
78 75 97 60 15 35
45 26 89 66 90 17
92 93 78 1 79 19
B
74 59 27 75 46 82
21 84 60 26 75 58
56 1 54 15 16 88
A
41 28 24 31 97 68
75 74 20 6 92 75
31 2 53 5 47 86
B
31 45 3 57 55 58
58 8 24 25 48 83
17 27 58 47 23 77
B
49 96 79 40 23 9
94 75 65 40 61 90
22 57 45 31 11 54
B
71 78 64 70 12 80
96 69 79 19 46 52
19 93 82 58 15 90
A
42 54 43 2 96 16
10 40 98 21 45 37
43 22 52 12 85 84
A
54 62 77 51 65 95
95 46 5 10 35 7
3 40 1 4 35 69
A
26 66 37 23 3 79
44 6 42 81 89 49
86 50 77 88 66 72
B
11 28 43 97 86 45
37 39 100 23 7 65
1 24 53 23 78 32
B
84 73 98 72 73 83
74 50 70 39 73 4
2 52 46 98 37 91
B
75 42 9 33 6 61
57 11 83 34 42 100
17 66 50 41 91 84
B
40 6 4 64 9 5
15 54 55 3 96 40
78 90 48 62 95 8
B
5 42 4 98 94 72
16 43 12 6 78 77
45 83 33 60 91 89
B
97 43 76 44 83 5
33 82 19 80 42 88
36 83 91 86 28 63
A
22 26 6 100 55 2
82 87 13 25 75 38
73 18 65 68 52 22
A
33 40 32 74 27 19
9 18 4 36 32 56
58 57 13 9 11 66
B
49 78 18 24 15 90
93 32 10 44 53 62
28 92 45 54 18 63
B
87 19 49 70 26 58
27 39 66 89 56 60
38 34 77 13 100 19
A
31 28 100 35 89 27
26 85 80 96 47 93
34 17 94 4 43 51
B
33 69 70 88 28 59
73 56 23 25 74 79
7 53 30 42 93 9
A
77 40 14 76 33 48
92 26 51 34 28 32
66 96 1 6 75 12
B
31 34 2 56 65 9
9 94 50 53 2 68
30 42 82 5 26 81
B
3 31 34 30 62 51
78 14 56 52 77 34
34 63 35 42 27 95
B
20 44 54 22 64 35
15 97 91 40 77 39
42 59 72 71 72 22
B
85 78 4 14 63 37
76 49 30 2 44 83
21 39 37 94 54 23
B
50 14 47 26 52 88
84 75 11 55 96 10
92 25 13 57 87 2
B
88 83 33 31 66 5
21 54 99 75 76 58
24 41 5 2 44 44
A
18 6 44 66 16 87
42 80 43 81 33 74
68 16 58 50 81 14
B
86 64 96 61 22 72
2 78 73 97 21 61
15 27 4 32 94 90
A
73 32 53 58 57 72
73 66 21 5 80 43
90 95 90 50 16 61
A
93 85 100 66 46 66
92 49 97 37 91 21
61 74 26 18 31 97
B
48 70 46 79 64 35
74 53 37 89 14 91
34 98 42 99 95 7
B
44 55 78 86 28 90
59 53 8 41 1 49
89 22 95 67 85 81
B
38 17 81 3 60 14
52 1 64 47 60 5
42 14 34 27 93 23
A
45 82 26 98 83 66
19 29 32 4 9 24
93 78 4 95 37 69
B
89 32 44 48 88 85
14 21 11 6 95 48
3 77 73 100 11 90
B
39 73 25 99 96 17
28 51 63 64 71 61
5 2 56 52 89 41
A
61 3 23 56 50 25
84 74 76 46 63 45
36 36 22 34 83 38
B
34 53 77 56 65 81
58 20 85 98 12 1
11 15 75 18 64 99
A
38 26 98 52 23 33
87 44 18 22 33 79
7 37 8 62 1 40
A
73 24 21 36 77 31
50 51 100 66 2 52
55 27 1 6 1 33
A
44 2 66 29 81 72
65 40 85 18 79 56
90 55 76 77 31 58
A
33 57 44 34 8 98
13 60 55 13 44 51
9 45 68 37 77 91
A
16 76 18 47 31 59
53 58 36 83 15 14
67 71 57 1 30 6
A
89 12 77 32 63 85
28 30 73 5 21 74
72 96 43 18 78 54
B
35 89 4 49 54 71
71 62 23 52 67 87
40 78 15 23 40 100
B
22 24 6 42 97 30
89 92 99 18 45 21
52 85 24 52 90 46
B
51 20 73 17 6 64
46 21 38 38 72 39
59 95 97 52 44 26
B
87 76 9 83 96 12
67 20 63 56 17 36
6 89 60 74 94 75
A
66 64 8 89 2 18
36 50 69 31 27 12
17 3 20 99 98 83
A
69 97 24 38 84 29
26 43 54 71 69 24
89 32 84 77 86 1
B
35 22 94 14 33 62
16 5 12 13 87 28
34 84 51 71 19 31
B
62 84 66 82 60 54
14 43 83 99 95 46
85 16 92 98 49 5
A
53 17 78 91 44 11
26 95 33 45 77 28
58 13 45 39 72 51
B
66 33 2 60 30 39
76 21 88 24 78 53
28 94 30 70 37 92
B
83 24 40 60 3 49
72 99 87 95 49 91
60 81 44 19 11 82
B
83 70 21 60 22 100
5 3 70 42 46 65
76 21 56 35 75 4
B
73 42 52 22 32 63
2 76 34 64 9 79
99 30 100 10 3 51
A
5 20 8 2 84 83
22 91 70 96 94 27
69 36 31 90 19 93
A
46 26 59 55 57 57
36 8 18 39 58 84
95 78 91 97 13 26
B
4 95 18 49 73 86
36 3 27 7 48 21
52 73 79 58 81 87
B
88 5 84 46 40 78
23 31 26 87 56 96
42 2 13 91 26 50
B
29 76 84 28 48 88
52 27 45 33 13 38
20 69 21 65 9 51
A
91 76 26 98 71 67
51 35 9 76 84 39
4 11 74 83 59 61
A
85 6 67 49 95 86
70 68 3 30 18 41
20 45 18 17 68 37
A
2 97 94 86 35 50
96 9 32 54 21 66
90 26 32 39 73 18
B
92 20 89 61 12 8
5 30 76 72 18 94
74 14 39 59 49 88
B
9 20 12 29 85 1
7 17 91 31 86 50
22 57 38 82 20 97
B
49 24 58 18 69 83
32 8 93 32 95 98
40 66 9 20 51 62
B
19 52 56 56 54 77
12 91 10 31 40 96
32 15 5 49 84 39
B
43 31 11 89 80 2
55 41 74 5 2 99
75 5 7 30 58 35
A
1 45 23 40 92 6
6 48 55 41 86 86
83 68 49 72 47 2
B
39 75 34 92 26 8
97 84 89 54 18 81
54 14 3 45 57 9
A
4 15 91 41 52 26
8 52 49 7 54 26
45 28 11 37 5 70
A
88 58 38 58 38 44
23 40 40 80 100 42
35 66 85 28 18 10
A
69 10 93 74 87 90
54 97 78 58 66 62
46 23 51 3 60 94
A
51 86 56 3 27 43
20 11 22 37 72 8
58 81 1 83 67 42
B
15 19 94 80 80 39
54 30 93 65 76 69
16 13 77 70 39 71
A
2 92 78 25 99 87
6 99 69 24 92 5
39 10 98 70 41 88
B
71 80 88 98 100 55
62 76 76 100 46 65
53 89 94 78 88 80
A
38 100 10 30 56 100
39 53 70 80 92 45
2 23 84 51 23 39
B
50 66 63 48 82 16
36 75 45 23 6 31
13 6 40 42 61 40
B
66 61 11 9 5 12
32 88 14 6 78 25
55 44 88 54 25 55
B
52 51 64 57 81 76
14 20 69 27 11 49
44 71 11 52 27 75
