200
A
89 90 25 92 88 81
65 71 18 84 96 84
54 68 33 49 21 2
B
64 23 9 11 59 54
53 84 34 83 31 67
24 20 43 15 59 23
B
30 92 15 77 75 69
44 8 69 17 61 1
32 35 61 94 93 14
A
28 48 81 59 66 56
30 8 71 41 30 2
22 74 16 98 48 36
B
7 5 62 68 57 93
2 17 39 47 30 37
74 29 69 84 94 25
B
1 47 6 83 48 79
56 63 76 55 99 69
62 55 82 29 11 75
B
27 65 28 8 53 54
37 73 89 30 97 6
83 95 11 65 42 41
B
57 17 26 7 37 87
61 19 67 71 45 1
49 61 28 56 13 33
B
85 74 26 34 79 8
28 42 24 22 82 95
30 50 72 36 87 59
B
57 77 18 1 77 18
13 57 25 25 41 21
9 14 46 94 93 5
B
86 80 95 67 74 24
17 97 59 55 55 6
11 84 75 63 60 44
A
68 68 51 9 88 59
22 85 5 66 89 26
51 68 20 70 93 95
B
90 53 92 96 10 2
79 36 16 91 79 90
58 46 40 66 86 50
B
70 54 5 59 31 8
78 2 77 71 96 14
12 100 5 7 61 58
B
96 25 80 74 14 89
72 5 55 57 6 46
26 12 50 36 42 9
B
96 85 36 91 50 99
43 6 57 3 63 46
99 87 25 72 52 14
A
8 20 51 14 17 29
77 18 64 18 27 29
65 63 16 8 13 66
B
18 23 52 33 68 2
71 45 26 75 58 20
82 29 71 47 45 51
A
62 14 45 40 95 9
3 62 16 15 28 65
84 50 69 16 69 22
A
13 47 13 22 19 46
2 41 45 46 91 19
60 56 63 99 50 72
A
12 39 67 91 4 51
40 24 18 8 97 56
73 44 20 94 14 66
B
54 62 93 96 80 4
51 95 3 53 66 55
16 4 74 6 59 24
A
34 41 4 31 49 28
26 68 22 91 85 69
96 46 61 91 78 17
A
72 19 45 89 25 60
92 98 65 3 73 61
88 14 65 70 14 44
A
33 65 85 18 85 80
63 98 22 92 14 15
63 84 59 51 8 19
A
58 35 49 30 96 36
95 12 6 8 55 52
41 72 37 10 56 68
B
53 42 16 66 56 78
49 14 29 9 84 75
66 19 23 47 14 58
B
77 15 1 31 67 93
2 55 2 10 74 26
62 15 41 80 70 70
B
36 50 88 19 24 5
89 46 52 54 56 45
30 70 45 13 36 90
B
42 91 75 16 68 37
30 60 68 100 30 47
87 79 87 5 55 43
B
100 46 99 55 90 29
77 87 41 12 76 6
54 18 81 21 86 69
B
45 88 1 74 86 87
5 72 44 59 67 89
10 12 87 17 54 67
A
40 59 56 67 17 9
84 49 81 69 69 31
14 56 83 39 41 70
A
65 65 5 31 53 15
42 91 31 95 58 75
86 68 30 52 84 39
B
32 71 56 100 1 21
55 84 12 48 5 6
12 69 63 42 73 77
A
63 59 30 72 33 67
40 62 19 23 52 6
7 23 13 6 75 86
A
10 97 60 14 54 71
34 16 64 6 44 98
21 2 79 92 34 98
A
48 16 58 51 73 64
73 37 21 48 22 33
57 18 44 23 24 14
B
39 29 14 83 79 34
36 9 77 22 6 60
69 73 17 19 45 32
B
34 52 43 55 37 99
25 80 73 48 46 29
38 26 42 20 4 27
B
13 3 29 70 62 49
43 30 67 39 13 62
72 65 4 79 53 55
A
32 27 2 29 7 39
55 100 11 58 26 18
22 29 46 92 42 94
B
24 12 24 36 74 96
52 77 74 4 31 28
88 10 29 16 16 67
B
16 77 80 93 94 1
73 91 44 15 36 29
38 48 53 73 21 100
A
49 25 80 32 52 67
41 80 83 8 98 4
75 27 83 20 20 36
B
63 31 6 98 60 95
97 64 20 69 15 44
18 39 75 1 42 42
A
73 76 100 70 31 27
96 14 46 68 1 37
30 31 95 79 90 89
B
5 8 44 19 3 13
9 78 13 50 71 5
22 98 57 92 28 83
A
93 28 6 93 16 87
24 10 18 65 99 93
22 58 36 40 61 1
A
90 13 50 12 18 72
9 26 15 36 8 5
29 87 11 73 2 49
B
12 66 13 10 58 34
67 46 25 79 46 25
68 10 75 79 79 98
A
4 64 75 11 68 55
97 30 27 99 79 23
10 96 87 71 6 20
A
51 96 68 48 21 35
9 47 66 88 44 4
91 59 78 54 26 84
B
8 11 52 86 85 13
33 71 83 38 42 72
88 37 91 87 57 77
B
55 42 35 98 46 77
56 75 82 34 59 84
41 21 87 78 5 100
B
27 82 48 68 5 87
4 95 26 13 72 73
67 65 59 17 10 87
B
37 69 9 47 4 1
67 90 78 23 89 40
49 23 39 16 27 25
A
22 2 35 45 74 54
9 84 22 71 71 45
7 39 6 5 42 6
A
83 84 45 72 75 93
94 13 8 20 37 30
93 91 17 89 16 70
B
100 91 68 70 87 26
60 92 82 1 98 4
83 33 48 6 7 40
A
19 99 71 7 80 15
49 96 4 65 65 1
64 7 20 33 46 45
B
37 26 44 86 81 78
18 28 36 76 19 34
46 17 56 5 48 71
A
44 26 17 60 26 32
19 97 16 64 93 59
52 70 2 38 50 32
A
77 67 35 95 52 80
63 60 36 62 30 41
5 55 9 17 32 41
A
28 56 50 72 67 1
41 20 38 90 51 97
18 69 31 64 21 62
B
80 50 87 61 90 44
67 98 12 50 90 46
29 46 47 100 12 47
B
31 37 81 34 33 98
54 15 61 26 76 38
57 25 76 17 66 71
A
64 82 84 53 79 64
50 25 63 13 24 54
96 60 34 81 44 83
B
58 95 60 85 84 16
62 12 85 27 82 19
42 16 55 47 94 18
B
71 33 13 94 86 8
53 72 40 96 6 73
5 1 84 41 84 100
B
95 84 81 29 54 74
44 60 72 89 78 20
59 10 32 52 47 91
B
18 30 3 24 2 59
76 86 100 11 37 53
6 72 85 86 25 59
A
85 30 69 14 1 80
75 32 83 21 22 39
91 51 93 14 5 52
A
90 3 51 78 55 8
49 92 93 25 2 73
61 83 94 74 84 25
B
15 7 21 89 97 11
39 90 76 95 93 16
84 47 66 13 1 74
A
44 18 86 45 43 98
28 88 24 11 12 23
77 18 95 65 67 5
B
8 32 50 52 99 86
98 65 98 50 90 11
94 59 48 38 1 45
A
88 68 27 99 43 4
69 37 20 87 42 75
94 25 25 45 24 62
B
40 59 91 29 69 84
87 16 74 40 13 90
79 80 17 30 22 72
B
59 91 84 52 18 29
28 94 73 51 55 14
90 13 56 70 34 40
A
1 65 48 13 54 78
45 70 7 18 93 56
76 84 91 79 1 19
A
94 91 9 48 56 51
12 12 20 97 3 80
98 19 79 62 72 57
B
94 63 24 86 19 51
69 9 82 21 28 40
66 70 48 65 78 98
A
41 18 25 95 49 22
13 28 36 84 84 41
77 46 16 63 16 67
A
77 100 4 4 39 69
25 86 34 2 36 62
42 5 86 88 53 60
B
80 95 84 63 87 12
61 3 26 76 21 9
52 20 64 7 10 84
B
95 69 85 30 82 79
34 20 18 87 79 18
18 25 53 81 63 64
A
17 90 68 89 50 72
8 65 30 17 48 13
64 69 50 45 50 80
A
69 97 17 99 14 34
75 66 66 38 82 58
6 23 78 95 72 1
B
36 30 71 35 95 86
3 44 30 53 75 60
73 71 76 72 37 62
B
54 79 87 35 37 93
57 66 87 80 66 40
67 95 62 2 89 47
B
84 29 8 58 88 33
81 16 4 17 29 53
22 7 40 57 43 32
A
8 18 97 25 9 63
20 71 16 60 69 72
44 97 31 53 37 15
A
52 70 1 80 23 23
38 62 31 81 93 47
40 62 95 65 70 58
B
92 25 95 13 48 90
61 31 95 97 45 79
100 15 80 31 37 54
A
98 36 1 90 34 92
3 29 56 72 38 43
16 62 38 28 10 79
B
92 25 37 36 4 36
50 35 19 86 40 87
83 75 39 24 60 30
B
88 38 50 25 80 65
39 69 44 100 48 83
91 24 19 26 27 7
B
13 77 13 52 15 96
78 53 71 38 34 49
77 71 98 2 51 14
B
19 9 39 18 91 81
42 62 6 20 20 81
33 48 94 36 62 41
B
66 63 55 99 11 31
70 60 84 20 73 75
90 33 65 8 76 45
A
37 51 72 8 83 56
55 28 92 68 20 9
33 83 63 31 93 45
B
5 81 23 77 55 13
62 72 72 37 16 24
25 18 95 32 53 51
B
80 94 57 52 2 89
34 16 71 78 12 75
82 92 97 11 99 61
B
70 84 60 85 7 84
55 54 67 7 4 56
38 49 12 89 2 52
B
17 74 4 28 48 85
72 97 47 70 9 18
39 93 29 75 51 12
A
56 78 87 11 33 77
59 96 17 60 47 91
28 21 46 8 20 30
A
16 29 48 77 98 38
69 27 12 71 38 93
79 16 31 89 100 7
B
96 76 59 94 18 39
66 63 46 86 44 24
53 72 71 29 70 8
A
96 71 20 33 63 50
100 46 38 52 4 37
99 79 48 92 96 86
B
58 31 95 2 6 47
25 28 76 94 87 24
89 57 95 74 72 44
A
17 34 24 20 70 74
51 69 66 46 6 75
56 36 69 9 41 15
A
20 42 27 6 18 15
63 12 40 86 8 13
54 41 88 73 62 62
A
31 79 21 36 53 76
24 73 84 16 39 68
36 33 94 41 50 61
A
61 100 40 20 64 45
60 52 18 74 65 92
56 43 64 43 47 91
B
19 26 34 9 94 69
41 87 61 90 47 68
3 99 59 22 62 4
B
13 73 7 29 16 14
71 80 56 69 22 22
39 48 7 48 41 75
B
79 87 30 78 6 84
76 65 5 37 68 90
2 40 48 30 7 61
A
86 17 21 8 90 60
7 96 59 47 22 98
25 60 79 2 66 62
A
30 19 18 49 8 19
40 8 100 46 20 4
84 88 77 43 77 88
A
24 46 95 97 43 71
57 74 25 74 35 53
55 53 70 3 13 40
B
72 92 39 91 95 74
79 71 16 7 58 64
83 55 10 79 50 81
A
23 5 12 57 9 66
62 79 20 26 70 13
97 61 4 39 8 77
A
78 93 76 88 8 10
42 18 88 43 98 27
65 54 38 74 14 56
A
44 75 60 14 40 8
26 95 46 33 71 15
11 15 42 50 23 51
A
92 90 86 41 68 50
94 6 23 59 13 9
3 87 20 16 78 27
A
72 73 74 95 39 36
61 80 85 35 82 27
26 71 12 66 91 14
A
96 36 70 8 97 72
46 16 39 24 43 79
47 67 4 41 57 39
B
36 75 36 69 54 62
91 17 79 81 30 90
28 18 59 35 66 30
A
81 68 8 75 98 54
41 54 95 49 44 48
36 19 83 4 24 96
A
92 75 75 74 64 55
43 74 41 8 55 73
88 74 80 63 71 86
A
76 80 4 20 79 39
90 61 95 13 9 41
4 83 67 29 98 21
A
23 62 78 77 34 66
50 66 80 72 51 86
48 82 41 19 60 32
B
72 26 72 80 66 27
14 84 56 63 5 26
85 66 4 61 99 21
B
16 52 86 66 37 33
99 30 3 58 61 10
82 38 81 61 55 7
A
38 62 41 42 40 26
7 43 38 58 15 52
73 66 37 91 54 21
A
83 23 99 43 32 80
80 64 92 86 70 70
24 84 11 65 23 88
B
17 25 81 31 76 5
48 12 95 1 84 36
36 6 86 30 89 17
B
52 60 47 74 30 70
57 40 35 31 79 58
99 3 38 29 31 42
B
94 89 80 78 76 15
35 13 45 24 29 6
75 88 4 48 69 74
B
60 60 38 38 17 36
41 6 16 23 99 43
16 39 23 45 14 89
B
26 85 3 6 42 29
94 46 77 62 19 84
74 30 22 11 46 57
A
3 73 25 1 67 41
40 89 37 5 30 16
83 14 18 88 8 47
A
53 75 47 23 10 20
52 31 30 49 40 33
51 12 57 51 78 49
B
19 86 47 100 53 29
13 71 68 72 69 1
24 95 99 98 4 18
A
35 99 97 74 31 47
37 40 50 66 40 43
36 77 89 35 30 69
B
52 89 71 20 89 95
14 39 92 69 56 93
3 6 41 28 89 40
B
28 89 82 19 31 17
96 72 52 77 92 3
28 80 73 47 20 19
B
58 63 80 65 55 35
71 95 14 59 34 30
38 74 11 56 57 27
A
80 30 79 71 32 6
51 5 4 22 75 67
80 37 99 44 91 85
B
38 98 24 71 27 61
97 89 69 53 16 71
32 97 2 2 81 59
B
37 15 26 11 81 57
48 31 100 90 15 66
27 13 41 50 91 2
B
80 22 98 47 92 81
95 45 34 75 4 90
11 18 15 74 50 23
A
81 74 10 47 39 89
11 32 38 2 33 83
33 54 32 79 97 12
A
94 97 100 97 86 62
66 52 35 15 74 55
47 48 17 94 38 5
B
69 42 57 53 76 89
58 7 19 7 70 44
100 66 43 96 52 56
A
3 91 27 29 97 74
76 13 67 65 69 22
34 62 79 86 37 19
B
95 38 2 64 33 1
30 27 96 33 82 8
87 72 34 15 69 59
B
33 77 7 54 51 40
15 81 77 4 99 72
98 88 73 62 20 73
A
98 20 27 80 79 13
3 65 28 23 23 69
56 52 27 61 2 66
A
82 95 78 80 18 28
20 91 41 91 15 35
89 35 61 68 13 73
B
77 52 45 52 73 52
3 99 12 56 17 86
37 11 16 68 28 95
A
70 35 78 85 69 18
71 29 85 35 53 6
64 5 50 15 77 1
A
75 64 24 43 50 12
5 17 31 85 63 18
54 97 47 90 17 64
B
97 100 95 49 57 58
53 7 24 29 59 44
56 23 19 50 24 30
A
92 60 39 54 29 92
2 27 82 18 42 93
14 93 39 14 50 48
A
8 71 47 18 66 54
92 84 4 15 65 58
58 25 96 63 5 39
B
84 72 33 77 65 46
70 3 12 19 51 78
26 73 76 95 39 30
A
22 33 1 87 42 11
63 37 73 19 27 37
2 99 21 79 63 19
B
17 30 18 67 7 95
92 82 89 30 63 75
3 47 28 89 88 38
A
76 62 22 3 50 75
53 71 5 15 89 52
31 18 21 50 24 15
A
57 56 22 72 30 24
18 9 65 58 98 67
33 60 88 87 9 15
A
79 19 5 19 23 88
36 43 37 11 10 29
20 65 2 91 46 25
B
55 89 17 52 8 50
63 95 88 24 61 27
54 80 31 73 2 70
B
96 58 71 5 86 90
21 87 80 67 64 91
73 4 8 76 11 9
A
58 96 14 18 74 67
97 57 39 50 26 99
46 84 69 2 21 10
A
60 41 41 23 31 13
26 38 40 37 46 30
94 94 43 11 67 62
B
23 52 9 1 50 6
84 70 60 4 31 82
63 71 74 85 2 38
A
91 77 99 89 7 44
82 1 6 48 62 65
23 66 26 23 15 31
B
37 90 61 67 23 24
90 96 60 91 33 74
33 62 24 21 20 67
B
20 73 2 34 89 24
99 14 98 65 97 55
53 38 15 72 13 90
A
8 2 3 93 75 35
6 99 56 25 17 9
96 89 10 81 78 85
A
43 82 48 39 36 100
29 3 71 41 92 31
100 93 33 92 20 20
A
70 75 73 86 35 69
27 45 1 56 81 32
98 63 79 89 50 30
A
52 1 57 96 83 56
40 68 100 59 87 48
28 13 21 66 47 41
B
43 41 99 24 24 96
38 2 36 39 32 52
43 84 8 38 66 16
A
85 15 36 71 62 15
35 34 32 34 26 23
76 67 73 51 42 69
B
44 4 31 27 8 73
10 67 10 27 82 86
12 48 73 34 62 40
A
95 71 54 73 46 81
91 18 84 32 38 23
75 94 53 1 1 77
B
67 86 89 1 24 100
48 48 85 9 87 5
56 10 58 28 55 91
B
24 74 1 62 48 76
7 53 28 7 29 90
25 67 30 25 90 81
A
89 65 85 28 22 40
37 31 19 43 21 88
18 94 89 79 94 16
A
46 95 43 74 36 20
92 65 96 81 45 72
22 62 57 49 83 48
A
13 19 79 34 6 48
79 46 27 24 13 15
69 8 10 95 43 29
B
8 76 19 4 48 40
65 4 88 47 51 24
12 69 54 45 27 1
A
24 79 99 37 94 19
96 3 65 38 83 3
97 58 21 1 5 12
A
60 99 64 63 74 75
83 79 71 9 31 97
85 62 95 21 55 66
B
9 82 5 43 84 2
100 4 2 57 15 18
68 65 81 30 90 55
A
68 77 73 51 74 9
12 20 29 18 85 96
26 67 53 20 50 54
A
6 7 79 20 76 47
37 57 76 26 63 40
46 40 65 96 13 73
