14
A 
1 1 1 1 1 1
2 3 2 4 5 3
6 6 6 6 6 6
A
4 3 7 9 2 5
8 1 4 6 9 2
6 5 1 8 3 7
B
4 3 7 9 2 5
8 1 4 6 9 2
6 5 1 8 3 7
B
1 2 3 4 4 4
1 2 3 4 4 4 
1 2 3 4 4 4
A
1 1 1 1 1 1
1 1 1 1 1 1
1 1 1 1 1 1
A
3 3 3 3 3 3
2 2 2 2 2 2
2 2 2 2 2 2
B
1 1 1 1 1 1
2 2 2 2 2 2 
2 2 2 2 2 2
B
1 5 3 9 7 11
10 8 6 6 4 2
1 1 11 11 11 1
B
1 5 3 9 7 11
10 8 6 6 4 2
1 1 1 12 11 11
B
1 5 3 9 7 11
10 8 6 6 4 2
1 1 12 12 12 1
B
6 4 3 4 1 2
6 3 3 5 1 2
2 4 6 5 2 1
A
1 100 1 100 1 100
1 1 1 100 100 100
100 1 1 100 1 100
B
3 3 3 9 3 3
2 2 8 2 8 8
7 7 1 7 7 7
A
3 3 3 9 3 3
2 2 8 2 8 8
7 7 1 7 7 7
