20
370640 100000000 7408694748363200
370640 100000000 7408694748363201
370640 99999999 7408694748363200
370640 99999999 7408694674278400
370639 99999999 7408694674278400
370640 99999998 7408694674278400
625160 65536 8192524286400
625160 65536 8192524286361
625160 65536 8192524286360
625160 65536 8192524286401
2000050 18 7200085600
2000049 18 7200085560
2000051 18 7200085640
10000010 2 4000002400
10000009 2 4000002400
10000010 2 4000002401
71568 14001 200117303961
71569 14000 200117304000
71567 14001 200117304000
71568 14000 200117304000
