1000
66291467 87505039 19875292098238543
32988794 3070414 190326015125800115
5442579 81004847 156569599999459789
37697766 88917156 57262346700332031
45797969 59818964 22824317768965562
40373511 13453562 344920598602224711
37576242 32289629 364894343866539143
23808437 42226023 98536740399965314
34175370 77249381 141660154615664304
69790539 71834074 211555524066867826
35168229 54900709 84977355802790611
55143259 46841165 782714903367433045
37585316 10732193 17924278143407784
26750341 68751779 454611969497678422
96540129 79257653 14306251177736285
55078645 96300986 148140187766183233
94672096 93209509 34760203587765697
59963449 30868237 30266791356641071
86326493 87819870 229018953604151686
13906436 54775091 68470588850143065
58063622 16126202 4320141643215685
87596555 93589956 279187432874694121
84558115 11403638 734017263511696906
76014971 13662100 427385317146110443
19705819 65193653 119043871120822807
57553051 4221379 34496336364323605
93153402 70896040 479928502153095385
24417619 97152538 71087024193722694
48835799 26304735 799744682200990881
40275634 38916682 223014163739588473
37114410 63270038 264288597640089985
98366931 52359205 46872420086802157
16230702 69395327 59134281639073669
53422188 76762601 44921028779451553
59514448 62144161 365777826903126605
96335410 62597557 477872789542452181
53126943 24562813 131161979702454209
57839390 72599995 172059045174539692
88868429 41910958 93797521482678863
39976114 48968470 183146887573579833
78202831 7449785 692741384050775812
82050366 40845257 142911565452864067
76349850 33979150 77301122762106181
28213505 87937761 68626673679841977
15203516 1029856 146070652318973353
65188036 31741455 318824023321466339
87549565 147964 55445260919197791
58387963 29885882 53781481653343376
55867960 51101723 10944903328714741
40634746 46240664 165559953074437760
32005307 41625804 21207952358625176
32613086 35149412 58704812804654801
13994444 19002931 552036865211316961
52024112 97823074 358520679140396689
36072133 88853549 784141952504891158
4201288 92641244 40175286837790170
89082504 32420585 168438153656986708
95157702 17332888 338483281474101991
36262802 67429412 694898999482778572
34336543 78943009 764232400673938913
10655902 27692602 461185552253799143
12538858 28295589 427521890144005561
76151150 95723209 74931006163251317
10138803 72775162 68231544478775017
80225119 78147957 556136306287458033
60640501 73929053 2188510320690128
37893036 17754868 770960842308990076
71755951 99764813 53229628153164556
2346433 19635932 716303451537251803
2915267 88459981 467940043619704769
44362834 48621313 64066635025608949
63207565 46748070 246213585388801057
96484084 82577265 164735195915507935
40856428 19722107 14012726755104099
55593055 3306421 6538686675153998
194560 59488522 3040574056621466
34208940 10550288 274478357709978969
46540908 81486441 362167548195164427
70059671 73035964 11753476354257897
49421716 38812747 209163644608335301
51312829 60100658 565824673316136801
39059296 51394619 792059590557406931
23544031 57317216 68029608078006526
2013431 50955486 255700645747197001
47249906 22401461 750763690542629345
12695859 66498859 25386333436245967
94455858 97394360 352230432129497431
18979626 67539227 457535240701016792
42292240 48267458 212927447957995253
36865108 7808447 273091656745474737
8918216 40516376 227708564528500889
26566581 91146867 249157649172250222
88402440 8688221 879646274993483653
60844970 7258935 181881788240953601
6775021 92286653 216601260557135105
12258849 88082996 271982008951489586
67616327 69069616 405551055550556225
89045725 57034239 235848011137835969
21627864 23660213 396783028608659401
78762416 89204437 5538441541746241
76351381 96290457 2193052326704251
66655798 3943603 442166383711979135
66072654 74318040 162660305174312193
12773056 61819733 260768176403952128
79620629 1964822 13579168266237062
60082076 6660896 573825203945409769
7646636 19059378 189572209574995861
94427396 33071094 180293375112037720
52369235 52233828 158236282494987211
897716 3061080 102751519937023531
88991613 14716301 676594348029602718
2492527 84065678 369706847896485955
41256746 69895551 209646569573003993
90226360 10273556 14433243831489705
20631470 84211368 223670962322158429
66496218 18437997 198373770983337601
44406206 39394472 449858234506096522
97878929 53313326 397818270516048993
66168072 88626448 657432938320806880
39939112 99314476 334360904158241176
29180286 90917982 114364253763301123
67326393 19381285 572171799937056397
13302314 99680784 208390793699420993
59812275 67486719 891129067076177280
55865473 58347700 3394039546643248
71551792 74198386 393821181478021441
55026096 49645360 327761341293074201
68779333 82215802 248271050645421077
64361128 25648101 102957664049136350
27142731 94328621 380717950362506121
3754426 87984621 424737484617368257
64440605 85586937 218886293364561456
19116891 10898012 169561893858805901
31260393 22836510 590308808761904441
38548608 31077651 96441859994178975
67447775 82994064 157953601635124777
6383138 53371311 445929784328942791
62274651 34684666 499627454466488677
73461131 62263853 71067182444712301
45150092 5108243 141453211119552982
96957110 52508691 828831816281587444
97004169 27403315 162648286395301653
68942472 37866119 822849276248132472
42109371 89594600 220527134621467882
99918075 5691964 96366833148621617
27576199 26553833 118399274632828801
86603607 56179502 142443363292404532
89469212 54415972 267782360345064181
8321589 7833891 49656361974034961
68141215 16719297 16167783807710521
94622981 58028853 8427786876500995
48696411 35109561 772985082694617793
98696961 91193667 477091025933219041
61092894 47842658 28267386522228229
78026274 31893600 501890267504944813
49799273 34169441 400194008665901864
113865 86605969 763014522386985617
25657418 80996588 143775486924399486
97732085 99298473 346827507476108821
29885125 55940420 345521773094654339
55528122 22809471 218766508209761577
17723636 16225887 1593999237417637
78726719 32365563 227000164309169281
8090025 64831704 19656701589029245
86204490 15843825 133028958957249033
95394547 65579479 416935859392173556
12556473 57945530 173226666470815816
14323773 48181886 117676382426223509
75417350 8094584 304903282955214475
66632714 22958789 241724108530874172
61606732 98564167 122452816389194941
42023229 75411184 545101437748260016
24056190 14548630 234673138411841089
44455762 65635939 141931697052718327
87103469 43761173 55587630260052399
35106697 90558095 931885978983636305
73883166 35459082 552084550422030241
99438017 69884266 47398014323736393
40469655 50499755 67517504970417405
38660212 66899578 753169667664856395
48246496 4023604 460302354604762721
84280500 67711261 324417956389617691
394850 14341107 170306724461110272
57112895 7374557 25706415403176106
38322677 1057955 203531204800003521
16306490 4444606 431294172242795465
98750856 68690064 284148163863018541
79351107 67753222 34491910670128899
44112977 18721236 64620944423230526
83340592 68648826 366042196615791889
10099719 36004778 413268872518905833
98091160 49544864 238909873394909569
96078688 71213152 16432293178127091
75395728 58130731 71835883065800401
49118886 15706892 484121739425442772
72493736 62489745 417527934469212430
80304381 19711127 62714203806028321
51971560 48733247 397073822289155740
28417441 84617981 99693837612227968
25395218 90829519 244593363397194699
63975818 62020116 140249759206305673
71000399 19934506 167156988193894777
17901613 32355138 351406798447220433
25405324 81029992 5711194033155393
38504393 31974932 148630892527006913
93431700 32420141 12978667794525358
72674938 72653295 29348917971747247
3878755 62273922 306585454702753891
71061095 99066671 90441520750521521
42809358 19010940 135011816979319045
20411780 7295962 491709233303405345
27915819 66990925 141099077367901466
36008005 73107692 51467986326903709
8688541 77484703 289657852768316341
26468498 51267280 352755801294515641
83240532 90101592 5878724104839088
86426479 8215361 401967351293782541
98585848 47864229 6771034293379951
57565010 41498549 318724295974256383
11005341 38318550 316373500086022
62410173 19064805 11276846455744481
4950018 68752539 149421282740217643
68926841 27343884 188013932992152241
84925134 49980489 178286807243274625
74347228 46239014 60151253700806731
16360915 85600534 72346165630990063
64547077 8133170 257616891167468638
74956621 2296493 619959312808224616
22156912 54737988 3395352109435873
99330506 92125075 160569921751024633
61928099 31603296 264028331648645110
94714823 68014772 60960328480270885
42044240 93600375 149477073091975883
43209356 55930535 624404118594369036
54316029 20559924 2561389871155993
93810298 59163004 15925345625255067
38910322 87644510 84759692749979523
57823568 50459901 79703406833869809
33744915 88581575 173043267355905497
81735832 5600272 33507841635977719
67477982 50880891 110084313797457399
97339820 8196074 63943719834805522
91054388 9433821 69265121837321201
97122658 26474190 185567979148969721
99530590 10189650 128165595382860673
72761402 1390709 4556928589386841
4749593 80005878 230296829444181985
67777982 25172482 631679276362037593
92265391 76270872 183363855345759553
54420741 99292171 232279682433377911
70553043 65849126 359076560498996053
56263729 77854825 6558437184117640
87839716 52880882 33415934701880277
7265963 42330487 319298095204144129
32231464 37187056 728161869086895691
15757674 49700945 166371014030137021
6397459 7483509 18051445674294373
65356566 78413781 405284541004107442
4459513 28995336 36403971528377025
2219303 39183972 26962657800382513
10697045 97298426 686913509908251777
32442426 48409055 276854891660975341
11618042 21545479 633727738643777
59127404 66503131 286828214088945817
50582307 1151183 51006902239375213
10901399 28386797 857931475731099877
18037521 98879209 788481241779354451
31083455 37951169 762755760630605527
14730471 89339408 67518332754786674
3867449 37902577 88784442208954297
85908285 38420362 199359340417387335
83559659 68160316 12426837959501431
75811929 25128549 192517379994055359
13729744 53162189 47901521039088834
96961466 66283161 204159245712090859
33601154 49511669 401116588525122817
1721068 43377811 359429796302423050
47978513 48284949 383488543364787061
64192743 48368076 60300569998267501
87579497 83706011 326672804430032075
60124410 56497168 98189829621967135
7713814 50852010 524370501052535641
30789398 59264802 82717897315621501
32224121 22701305 302042401129192006
64962971 11452711 421612380901339957
65940054 12128792 40053296759125665
23290053 31700039 77266084887541453
19793444 37530998 40451510211154785
80790227 60778631 70986821759663293
61880954 93927162 365060379527290001
84347206 8726276 256778875667287741
99076688 33535816 234152421894307865
3778847 36800564 587142867009924685
21884740 95706875 508819685684632984
49623594 33889166 338836744308953350
32869097 24037083 147412809722632801
58817745 15246018 18042514894205583
3994382 57940340 324638730786642585
23948919 91359647 530297869768372949
23998610 35853954 367603688630179861
33083606 61485186 14973518280220321
95562655 81346250 153753041447225083
23169984 80217290 71949953798146126
19545162 49009971 335133177945867393
5037822 32502558 149297784942211478
74178637 67514291 112147586629775463
48119688 98292437 502068282373999897
71745019 78645947 286448833460979010
60620127 17946357 394307691575428227
8540986 9454702 406032725013409877
62274302 36268097 559517406999760513
12908077 68602571 152004530452971871
4104660 55391644 208058285649924199
18105512 37741191 844325630889507441
64458683 77597145 107439016887397301
47478491 21823398 121554657608086504
56012936 55577663 367815438115236948
13465487 98971071 167352314671634476
91623495 58272965 76013378826363169
23753319 49240636 31400813484376831
46344835 49224789 506965574091356293
14552353 35075734 276128872877119051
37641084 91910412 45670194852717345
37715924 60887196 163924245978728154
15791984 71640696 17075119458677023
37457458 1861524 104227015962793669
41124056 48856094 726707437993151221
89864696 4247523 131308182779904107
95243259 1741525 207793391509733723
53924175 36180587 454102772339198753
23744411 30835579 220904711760410305
52292201 11999724 663764664318987051
31074571 77297206 413233305406823070
29524818 63097152 184695687717260917
26075353 54408454 945639631905986211
13818607 67641599 580422484741378985
99753968 62743185 311105161059740230
23480029 77080013 21834985388392408
36905145 2436249 161268021452455677
29457096 98669001 286911946962017489
76273771 16627172 158075081619500749
17856 32035869 110046146798297953
93685097 93944164 517948341574688441
36715640 58652012 266692814795902433
2282118 6439511 144172015139347401
26882049 77674508 71141352312395506
79344485 45205742 49850760573205537
92849542 71204277 203337502591195139
11262324 93003103 1063878781798845
59844311 5705078 211862313727326256
61691165 85792162 238936308110582434
10309565 88836030 698784657051382825
81688473 73629335 383998436393844933
54225532 41418819 198549915486313576
99180227 80378652 689674583907208677
88691737 95772760 103744722638499366
616283 6159686 42131432514386041
79358618 6252327 208819338860308937
96891454 97227175 406584779663167981
24540999 19563510 69866667994287161
48805295 92469384 194730708026859213
31344280 99319162 118163119823109001
48074393 84856852 167295763363100458
62205966 78126250 44910153112742126
9012308 37294415 254565600117108761
85229842 55323618 476627929006623801
65473900 81100843 17343611265991801
11046785 99966795 340335483855108673
13493695 81107992 718593377922188847
44147059 59381494 108731305402043215
9399388 82717126 232936177905759341
65532295 37891873 195593470880771692
1332825 87344434 25283700305969044
12220075 5833261 140330355331084192
49361679 53817121 191299719475319463
39848913 83139421 533353273260151576
25165780 11505674 38539534238191030
20287620 66126760 170669569530179196
5721220 30068395 107929933015978693
72342393 73367018 23937415905759381
23152386 72828223 185837611002963261
42276715 66044949 147524246171430508
50898965 510437 51454738681603828
17656254 17143072 851840516679145170
78883027 45913092 17738376541429423
22068480 10346849 199567991724952683
98158422 81195128 180729820389653875
2896268 49965090 98349672999230017
20319232 49918199 331848689169919033
15508325 36598976 26559922109051657
3292277 69934174 617159538932218173
41471482 31799781 263083782099294058
31039718 33534336 42408778178634993
28537043 55597303 7718404267299393
32141665 23988116 10402113918014938
30685780 32020122 831012162455934641
46078169 15168869 190750765184926948
40231199 68881963 73476828302356213
96419321 44977898 889486668295495831
42282124 47187221 5265634325301015
83923418 10834280 71312576270504853
28267275 43072897 55681831195217538
8328776 78070326 149871167284115772
5117790 79444401 667631384767761200
31796899 28259332 219161464750778371
31305326 91130785 257790677696555569
37523130 99229034 91272196752396161
50495800 11231238 450663754963168531
50843812 70266172 504862857666661743
93925009 40543810 57790438153296633
75987114 13156310 236797748979841828
77768276 43419299 261827445557995011
56727740 82495884 337977840886446961
85565463 79192509 478190605808791666
87441663 85201140 99135925843045785
66349673 70463573 1527718575713335
87433960 50644926 105443104606518301
1490797 65613093 402919141756063791
11106469 83036546 591499002385898692
79254915 10141751 808487952134457833
56797927 59613603 555955378217593105
93966845 5330560 204199101053802715
33761639 87236813 40485803004332134
56424457 70930380 385968932414816869
99125360 13382439 49167978709408081
87954143 5966894 120808616964041462
77896184 9912123 5470583729003857
72274692 60724023 113165478717385051
26732511 65636917 316295813517619661
49254972 45784524 246157431814190203
54141218 979551 158878768874286847
25707667 50468081 276672881804246661
74115889 29642465 185456771378565061
63411414 84403506 49437691914789761
36288839 2938202 429054295055273125
93553470 97507764 351706430853092431
65444327 63620507 4283335794604420
61374010 39038983 41914771317503836
30092096 30256456 87453874159787043
16261288 72932147 105898021539524241
97410483 26008995 530165564913044089
41291256 27054965 404840173641811313
43099595 43721808 538141425291177871
16900860 66956422 694227287865441316
17282331 20253321 6460604108324737
92187939 48957795 2308037871479992
90580156 62492177 6762109954495377
30937772 42345383 336185957316236979
34471389 45215120 835298401369943809
95966726 94255347 36101891935469359
83947257 63093298 88618678528652887
30739081 40159116 61784730704069401
53164054 42260962 92778616568985288
85333431 30956302 109878915753704260
43509136 62629128 86924548765660101
77363547 1671583 178639222802726122
33828716 4160469 54400922748193956
86920834 23973372 157686624441644233
93839400 89179665 160559577594795160
87373911 95388338 307582332540914145
40893117 41506619 227582847881333209
97536911 31063829 459474018917866282
24233445 27329212 467651189361904105
22283760 18661277 358329750284222011
71580490 9304309 561237709312819137
80289211 13704871 550262538712745
5546023 51755669 184658665832473321
43271424 87183280 449324289092243328
96989568 45305002 149507697128325037
59582595 35116226 111230649275365489
82971902 82347966 296682616405822536
12983328 30850295 557057666520799779
17793539 87503246 190794089017271169
93820943 77678780 20750538442458238
97148908 21501256 43281336934742705
17352481 6664465 25583728315270721
67691854 46204875 278696584909024873
8460546 24684487 55127018818103611
50247914 82132040 271100603713518047
99553046 59334010 353680976760772201
2532709 24941471 329562717829374321
76050870 23298260 147495618625328986
84321588 54417890 157330864727813505
23882820 34552720 304498435517943587
19546312 41947500 96029561011167587
53751875 59853051 264546190072858744
74792202 60910970 399399594522768211
6238474 49368560 54393280429664881
59854856 20567135 282869959988146801
1068155 93608174 78430751132573182
22977535 14848694 407826781893115138
82909231 16534634 64294223227141609
39334382 92288566 491476576220914321
26813642 86521721 278298409396674169
7271108 33443015 243957490450674976
71289907 49130078 222189510845986584
69705855 89728995 57092532723084457
37306392 47437905 250074640110532699
68094377 50950061 71864033995913501
80757469 46938566 98857593460747954
12596691 84531039 119546257144694311
83121327 73958242 424905955447896231
14712303 71268106 230348384253080641
53073363 7055072 105738946186625841
68547472 79480160 643626863712832371
13596557 80034121 22286869317482355
76806263 55541558 222229895035003545
18028411 90966321 292901651413984753
18816123 55831622 401141312492868561
28100870 11661734 239498202452351105
53648327 62796313 21190029823592449
51857363 12312222 23780552102779531
36581217 68301365 778557112605432001
88718745 47486279 158310326111599963
34850949 84393651 12232845206967268
39000612 65623159 16679648290630365
51429277 34401526 436685195644171615
83736209 5822955 85034560834543531
29145993 21169899 159639128434629883
29842830 29983632 189881590712049811
10185176 80199496 40277755797489068
87226014 22147512 9181401183517213
10754572 21953230 87192764083467017
39453267 47468130 700486133690630986
67207386 75995784 240533382525428001
95011218 26368116 21859331028818851
82455399 82099722 119714351143461901
19663058 73236994 491655956928700378
54530187 43972533 546292845055034038
5644380 88739462 318679075713769939
1090065 1792495 76108289418956803
10698380 73675047 204529083946376069
1036789 91595373 572478113501880567
19586574 52111092 332841468342994021
28284523 94853829 358964749422309249
69917480 49056505 116911175780666851
63186788 81382278 5380747192623001
96386100 51357322 260502516904513545
7813318 83869742 498385108787236123
3961708 65859931 46010367312830636
32959093 26652179 34654239485041114
59172556 49457262 369783098478013060
73183165 4677632 42555694176726916
54327810 37063606 28273744086459607
86209043 40485898 186163064079859011
40135587 84210714 401614935663722001
68645419 88768528 239597509391916985
90210823 78792141 2109411796403320
71796906 67801278 47350314408250583
20120418 59248711 142120388415653327
87688733 48732199 297001619060786496
12564781 41928861 80478100596031661
36049859 8886101 124728890421736221
54533704 58338979 695554922395579913
76658112 56726843 403847645288789893
89934668 47663497 19573716461244416
9086921 35547054 538793712117145281
44015254 828952 254076484510441369
24428404 53526205 372888508773002757
21006214 5530100 134142313429411244
80459383 97831920 376653104209264177
12270266 42377689 152998573904854561
34069997 20206985 11642115513989629
61587543 21854176 314100869400993129
75051204 7281057 117726746807551546
94739236 74668799 212263143561330291
82955009 48463708 738180332424715166
10216605 58060405 540435558535230281
68597204 16609576 64307447926551199
66898592 44671109 219853522919422597
89648721 96895075 101486911728300883
51497399 92205037 295645592178676746
64868674 8392250 239227653492157352
81484772 78925450 174756980407178368
83555348 84001056 270519410028207737
9634030 48111799 169823424335322557
45607586 79782286 115509351315551257
16701106 866719 126247661241359141
28842651 74902242 84088804143888121
76856181 25705344 666949325716895761
12619059 36910405 259090683545026329
48120490 19241489 294482282886922150
65566712 65376650 240105336430451593
61076828 16399739 168623097781900841
78466264 42509392 193228044600542845
37403200 98882863 180522229894148721
12297160 76966667 61641682572558241
76171749 27219272 24084738013471729
391228 47024568 345954581917714171
25831280 56656317 26246565609679403
85641329 8313582 336947376908410234
6554976 2865229 202695834917539909
66142150 15932354 174400695606359377
38436564 29338148 8277011470613056
25179203 73939922 395766729634299289
27402256 23084733 531037050858921457
46818924 52293317 30497404488149161
89917151 27461429 75838351835688211
21829002 32349151 343889424545215481
1976709 48490709 717798011014523209
77223782 54600850 279055211414543509
72319970 4739421 323189165447388523
60855716 73122832 525784406522140221
21869089 41199762 19597405810762715
92903750 39571460 189004194567918277
16223295 64356305 176633307160300799
27956517 28590386 72322266786597280
56684753 2184886 53736967943499703
35141848 99480558 244213250892406696
51533499 28541489 387154758869290860
92882611 32910017 89442674975612459
16762530 24813692 902436781192858066
60301963 9122804 515711750861023191
12391674 28464121 549305189888284441
54956898 84758201 43059971910035722
58073984 78155077 71615160464869281
66315121 99567916 419203319498867149
72176284 7456511 6141152690448250
94423361 4461440 165507302608680183
90672168 47150282 596354915164351015
10227169 83304912 147271536671254621
30563744 8793838 233034846951009689
68376565 42398515 205706488333911232
54487018 66107854 568288575916697901
58389188 72948657 204374223634743241
20497571 35453076 436053306167982637
24523269 75202534 390673390204327613
18944779 19011816 288700636266788085
25152026 97377868 190762432302037825
44879796 43970094 293853268932371081
72664656 74701902 317344282306090318
9137317 98750316 44635483043222375
23778413 47347951 759387641482560385
94631362 85562186 55370309179492047
76480632 67678636 372063579785287971
88368490 1264685 76753553790671668
86760536 11500664 765381165118413481
43326960 49378837 36976612934737681
71125711 49479017 73461667683897325
72604683 75800288 94028834023196359
8106477 83164342 222782437129215048
52205155 1644869 496261531802714806
42465441 86424199 727190486413307831
89800598 61541126 679426702635645865
73264986 68905598 12245473361101796
85695968 22942723 423016326269705365
53953003 39962100 206308794189233956
7799150 42729893 1680363126681199
90406122 68209964 23867890237304785
77593744 14364678 15846505449673045
96519519 99262761 176891304037508326
56248717 95341299 84881893490079883
77441629 40660358 9100902587145646
48931042 59794018 29559236357860777
41196770 31611804 260604229720841506
60952021 39802301 5886064436392561
25569850 14814888 616892368022470169
99405195 5878734 794772641999371321
59602042 39140701 134138843070261101
82913021 31185712 863304181448988187
23415939 54801810 8506151034699501
89250027 60676300 149996654419733281
82825880 86338713 135323277245592136
49465681 24578293 124911969495518821
81637001 11090732 214845439020074323
36021405 59880482 790475599095436570
74250512 57564311 111161403037384741
9525681 18052195 420398916776805439
92542305 13894586 461700924250839009
31761373 58345660 251096246331339603
83548515 11899163 342382719505338625
39028936 44687938 71356828836612813
24618463 46775188 273650259193168867
17164281 48047362 24397552522190462
74756621 68635387 745736752969276739
87140355 55898477 19394433270696457
98649815 6782376 140428319071500664
71166566 88526688 184189353638735524
73494233 98805969 445744119495470293
54935037 31588625 2969617293663761
61191723 44560756 106823794194068715
14324033 26692996 216991384084812519
4320138 51870369 94867519680825001
76446167 94331915 12626053710027654
81956821 63822735 11915049851964613
61378527 29079643 334289786663745795
71030910 71749104 854350926440394705
65983358 19932724 409683057308106949
66036398 28414375 115873738205916881
39541555 27749550 72906996095627687
76216457 25186315 378800762745892961
9402136 95618158 207480317976997761
81812846 16582436 209549590714241167
34256878 62216298 65644026394146145
61406343 56761355 83117435838176635
87216855 15798916 557340579408134831
32752887 22961823 37892490502549651
68750936 95659637 193590457023236070
87543632 48640910 18437887504640739
73457547 63669428 877266126719957404
74091669 26961002 200576454093117343
84980244 65003200 245142035207430865
21491238 90633903 459512480429522150
19419330 93153998 12257374103644063
18097981 5542317 457620919719196105
94158569 29583570 206246585914598313
96800216 11653198 222731007866303644
59772094 42148858 197701706726467993
97202676 95851859 36176571326466817
40683247 55017207 561836346924842245
26466716 59638774 148842706938755453
35431188 87083925 59562413332813119
39792478 8590125 388925952912076041
34779331 63074725 32470871659136899
7277675 62562556 760884012666779002
38039957 41287686 136133813915948161
25325168 39459892 399806428923103335
4238219 38071256 857323126586448747
53326983 39636987 702385920232626697
59433660 5046256 351725600856261
84298464 12471320 143951637340452998
78703653 3665816 375558579528054499
90394808 3959383 192378063781986637
91951491 69976319 12966956431017907
73639323 20338209 206111499453372226
49158989 99134325 406234381535305368
80566720 63851839 528608029162995277
49060556 5275786 86271578966877779
43271707 69050981 202300143301539101
76465561 29256209 194170918266526221
22732823 88047115 3847175444390445
71170705 11751765 120526049463210925
33639590 76561449 6197833791749701
21074336 53097491 163285676226116321
81265580 80592535 155463944720249552
3311917 23911810 263606223646285461
70633148 10570067 632446210467875329
78840420 59769893 743164820464179247
38534167 30530913 86393396160400577
10360187 18410049 9944073417059491
65931281 30342820 661047289031998
9069766 29635555 62478141151405619
6898048 56849225 687867624981762651
80079919 79275316 3085094465740927
36236113 51200542 55242642812663230
35357401 28453339 42851793150730469
17999403 92240751 137704341411650915
48672580 25890185 385462483426106033
10407159 27977376 236499659567995457
38913362 75160489 106725885239786341
20279540 75169019 66782609795267633
78474056 25056976 234237574476186905
33282721 19796550 709795687367051041
54886968 9784374 214140322185287485
16497177 24845309 14395011369137881
9328584 14041977 6353691816452356
22846033 16875098 17899448173474209
52200508 15034136 350403964875219366
63361744 66871132 570773042887277005
63362355 7804496 9920646850368241
492416 36012361 148007782739155117
80542376 10916258 63458548948080721
92637410 67197860 195009425912227011
66868176 68170401 628088081531411606
4010544 38601504 253541660239281245
20991538 31881108 122273707040107883
57091491 83349639 126735418817075836
40466190 95737308 277286127960842533
68282063 68948389 32720828913898633
55763176 47478730 452667446158531533
20075635 25468344 25240548515223196
37078086 45652169 40307294977481521
38171970 81039810 302034656378716301
61971257 83937910 18808835377181961
35630201 79813511 71824993620017707
95142393 84100428 323546303857844968
81033503 27798734 282996902132636266
66655532 92884205 77335926234861889
8831136 33427919 3891673492230655
91246938 588768 16419899774429541
82260103 81990183 33913449565598409
86593077 38930523 173081210393320517
6869712 76881886 268730675529448901
86743046 41603582 128043669815056997
13807561 14288071 14839179027835009
17503091 77691010 348449620090086121
8932303 41991779 96907850013382885
3735734 63778054 807461158156981905
18517176 88861417 414574402754087075
74182458 36224325 93809745543901631
85616444 99309100 12357704637796102
10856061 23671545 135671778783048916
22721278 63353717 146266209635887001
9086148 2508862 362785105445928859
27504240 13785434 585846583569634557
86182977 40724439 248660506627587763
38194997 14264181 121972908443355753
41950155 26465858 210701146772183775
99734500 71077331 668403213599881729
15535811 9621025 338691050880557251
14639155 22497789 7109055479189984
85562929 29181131 573140378292925681
88390453 80251346 276200388194504778
98134411 40900278 367762446322006837
27522488 57530858 416011687535852662
97080543 26852283 25837690878351523
77675515 92981255 501729519584989861
70851256 66045451 89031000956301467
81161967 89351514 394730362556043603
14899132 3134954 60650256933083374
20694078 5380169 262969776680979120
30082283 11477741 190184563283889441
52382605 79143336 291643129219391137
51694557 8309562 223694766577584451
38397370 12451072 277577997924520835
29662982 48054475 483796544253463648
44281118 38053836 105327197172315971
97714932 13339563 187291603478559186
97145270 41384309 289357971214578911
12235837 55024401 544156222190228929
36705448 5982034 921322147763698141
48999640 82143079 229032174234329921
47357343 85796063 123739220852243081
22390366 28032791 18595286718147193
31154667 50216849 129756259896562567
90666540 61298910 547268308584683493
58581762 91274964 655116900522636105
3761871 32039058 127997138625076930
34707260 24265043 221917000505437441
94964665 27388440 178357933837371809
44187005 86964612 200085225813145289
68942400 32616886 783512935273946305
37756449 64782008 35260023790350750
76842799 64939233 80791399032666121
23158475 76533951 208417664311781821
5381357 64210590 292644612968095577
93788628 88862096 200955038625292008
25080067 81322519 303544588971750337
10193763 3028552 497578605108538698
44622184 79526367 197400725658609985
76173507 71776620 419858347132502017
99704253 18013100 34832272942211001
84085491 45452879 13644870934522699
74806980 4926966 149982919531219195
45871861 21016564 25757718749554177
23353670 70811600 21016771218208915
46670899 72885271 27999694253413449
80355214 33028000 390650568463480739
93331242 57145704 57974856444682081
65380442 39068077 652047725516958145
10035102 9044492 206431140189267773
15447966 44876252 48480848741011457
51541457 15204789 190131787123132567
80347071 74266872 33916868771742256
14017487 80186496 258409727035171591
16673204 28066099 49090495232943562
72089633 44614613 310584198850194790
79733037 14791741 68583583267889654
67175909 55033882 88996045976861290
72575111 96379709 412838816208785065
35958951 26881428 44358533211056441
51177400 80943955 340841213054268979
55909153 23081563 76097993356314829
42155527 40203866 3782882030527705
87689494 98810569 113240578825669602
10549529 67022718 564157321195327105
24896564 40757085 25161334135702646
90950587 11473455 286272362528896679
3777710 32502923 266266484368406068
47487699 25859056 372940623857060169
75043950 27974645 770712024830997011
42325662 81296279 16218942729769797
41899607 1387698 125053605109851317
55151351 5544075 312945378555774639
46923353 27496335 244638122602344001
75239719 36689345 104699650572373881
83124007 46747961 493610643254841135
58124795 84964828 736921744726011124
80439742 26419479 271661030493770501
37700146 51224925 255604539647154301
85544028 36192759 135907602849479591
56810222 78579595 232399367442980561
98435919 79064623 285170008605733298
92346588 62989887 427181278926813373
10360581 84643282 608325851229474030
67430659 76836289 667161738690575259
57398342 4639171 589849139819233669
40661067 91093257 413514953669288001
49989598 920103 276754414416893059
2254737 61986579 419804022429047697
663998 62611632 124744479823275577
76625298 1250876 31303948677316001
96983208 35620735 155186354622202399
31476119 4128918 562206116548668799
2908284 68472756 395544842078801720
52368319 60461083 76124137543583791
74642000 68696803 13708662982873525
60391126 39054032 692595114235155293
37932249 10331900 550230458638045008
65604671 77499617 1854568663150477
58115469 16684719 485553666796200729
94190061 24921317 280286036465656997
22758162 83319438 139342510620831481
46375576 69642005 299294583684242721
58567644 52998676 40625069095775971
56389496 688971 160071516837971685
24649306 84964012 41417614182420176
827007 33944466 14737602794688001
48455761 33646354 374454042269976261
98572955 58186858 327428104598004451
16366629 36927639 105361464981255260
16248305 75221762 346333633032657257
45348880 88674906 97287082418533993
56116538 82752974 313972246144554645
38892765 84516691 34985458100098696
47420935 18724058 227726874376742390
83961463 30760053 41325224157776039
19944882 50690995 368202593047359813
52564264 28232058 159029306752629842
45498285 23305747 561918406752178057
79752605 63953568 301352305988059756
35625242 63547193 21554928688528225
74864551 51774327 253264507390461759
63381692 79229616 562803162770521385
89459533 94370938 106284880228250201
41592014 55648306 108072036296863669
60698504 20619458 43126403820894881
66632580 9973602 439459967586473185
57829389 47546614 185099235377045529
48887144 67856246 268770179206522351
51071795 38653173 4369746713329581
35194612 74436740 510111455064778288
30315661 57472708 564281271217842967
78066126 54595596 774949632980037491
973093 89503282 201919862871006098
46748016 18257402 76088599337471049
81467379 53780249 22663355230032609
39331556 20702374 207790429830763297
36002202 67271991 5165431456248235
29157450 33832884 414347407282720891
6269320 78150910 128461194889685309
86879790 46878849 84209358467127403
65978165 36636605 301878651605586769
8023907 38089060 316472235909843136
20413174 81497358 39112837042595746
46012677 34203377 185736211488123121
61675270 37895231 22922310034243569
59008797 76991773 630966433286779201
26657851 94997813 62463351268334465
25143572 46757806 5274529939444585
39743428 84609035 101510104966895401
23462273 11582799 285157102237359871
7791124 98280710 525344619791789170
43541786 9094832 219512871596941341
9053813 18945833 152820969324796795
862621 95193598 83535195311683412
37380159 35872987 437645398205253274
14202019 11547773 17211881640089281
21498509 74522262 327767940840919573
99088489 98549897 520922422348620125
5942273 27482453 42828724626339436
4653210 88959127 488055720172929281
38615194 81765245 13721643632330872
53291587 2528611 80472984422282670
52100765 41982220 247344209518190431
33653886 508953 338152590278754973
613498 70358064 510515768865744899
52731873 31613157 398089380329176369
93768766 30433832 692754414610768587
57925836 24618334 57337136890810201
64815149 6221077 235872326839571969
85860809 57092140 1245704223216841
34332056 98874583 432903379509260001
21304205 97700799 13263738532104525
87450016 38756422 50162577714338125
76132840 83641347 74067315474709753
91253949 34471475 322231898122027398
65017627 82151355 264446028073076566
19523928 13114786 179996645547082057
91307437 27172853 407758774777668721
25356086 95499427 138803325263294889
39804437 12293880 720912299522026901
87716535 88949428 20542754144663446
66475310 27247816 16285721157606601
4203966 1742508 22755383586784201
22646899 53571167 252223894095296817
9078255 88680956 78394660006836489
66351938 70972150 108509890140352961
17865714 23388912 229721998104953641
14060058 24454204 86227894550410593
60160430 90899437 73497457541063921
61288412 56970394 393743400408402209
3440270 31423154 92363159169652976
43061004 86467959 31390288753490173
70814143 76481177 798739030520357509
93437200 9682544 265918820936122822
72390255 6871252 19451690253054751
1509488 60213660 748263310544819334
9744143 85766578 123852944212370709
97089044 10093008 29933057677928476
