1000
48089429 66101643 35164711588139866
1953747 87984380 117302936173157485
92088097 3038529 128373113900046343
41484235 65099940 767886799494647669
35512351 7695028 28459309359404252
71949527 92861970 660409078992826471
74212080 41361112 346068203964172705
58782617 64908966 165338920491349731
11933255 48265034 787566476194993873
12942309 77349387 267847789347351032
66798889 93546131 171725507044736569
85248258 47443318 380802604022961135
83186733 81977955 205938894492039757
40011751 45138406 19230175050270013
91526845 74676951 137026402445460001
86331519 21265251 266932651745058193
3632979 93120692 211362552667521079
63950309 38557504 327536108207843185
55636156 86100651 77490516510547759
7559592 96052492 328846712227580
59375765 15758348 647237974269654470
10616408 36790833 96569659402953905
39840183 15278239 15047485304502682
92430571 50856146 192665030444664947
51754493 33569791 255030419435352733
59985677 71162265 1880446720954380
4500031 99069935 203492180675481601
21313091 57040370 88824786445105396
79954560 19706389 391311896845604863
41984733 30489933 4394745891084417
73674284 42565432 103908454932187863
67414322 5104218 152092670374755492
68125015 47251074 557858715404310596
91078631 42904651 34241870003594720
70717118 55633116 12700183241828534
14190869 18950943 386751691305636875
56766874 12631178 89524998118085065
28091231 119553 188923353222224494
41860883 41599272 13152839113270756
62942996 55459641 62906207387768965
95959331 67576385 150111952864958053
46537438 53717672 26524314149661693
17855198 67048183 339191754379858733
58596005 38190158 444608025849697985
50070643 24854767 290609050223524953
63626777 46205349 489696799343018099
61868268 81509585 398047576333786849
32908756 80605714 226158019974373600
74915716 76305296 102724730641879921
71161028 40372710 398190363690046471
73820137 66465194 50200450970602131
38869863 88130457 512175571956879185
56735844 34513105 88123242531860836
80818961 49957141 5204760553668076
44724504 68268991 168082482034291161
93895028 71857356 39923481538225163
5524542 32509366 334673151126104233
76955819 82509629 177681429519998216
66894799 5481037 51026927131802293
86342017 1980730 116334238752120581
73732955 67411097 314391536363851879
91973050 44982618 68561947734236110
99313861 29779608 478584164596845486
57920368 73265233 188330433424948648
73753178 9151088 541527584195007
9000334 89486979 3924777310559529
64026749 80156156 388579377854707713
64304489 76024763 125103911379456912
86965965 85252684 60856624543888937
4694832 86887754 21819166182050461
60135936 9246394 367346182141280001
31115862 77855039 111077979957278353
84171740 72005551 686448348594485361
90350334 90521306 202164966498589496
97893284 83167492 37580964414768116
2554959 19058309 5123378368601701
292973 84076026 605195286136686221
48873010 10530642 57681365050530513
26548587 39881009 207955455828366484
97045393 72553555 8334517030220385
17290098 31860000 127319405001706898
43321910 47160730 75849801402514394
89049772 67571021 41484600621673207
72018695 99780742 179992756276500772
77758617 49259923 43349649903416249
53061915 65216883 4176600967559570
43354536 35806201 8591707552391251
2145909 61458022 240207294473347151
60950462 16052384 161088673188977176
93827778 80825617 38057956365595591
53974756 64314911 110763535584567501
37133299 41732675 828230274393150403
36898691 87448008 136200733707735100
21996219 48947740 47562590011974769
50092670 16945338 515526794770294331
87808164 12972860 267868905643539757
43642517 62560351 142870681013194769
61499169 20985285 606382670536248869
94394080 52794100 169847947611575329
99627252 46943051 599567360358183035
92916935 85873741 31114509718010083
60533556 71199092 258297951801533359
17380645 24208587 105325046039122501
16977049 79167168 516160625700244983
44930615 32980856 295049407685928148
11244291 28803549 160699250548668145
14181229 83515253 46459115765102139
57301806 28270800 117685524941577057
695961 34744178 1263892719718689
77497098 40936024 132671741244980851
61404026 23334697 78675430103216493
64635386 21329499 792457049316481576
37422270 78316387 229373596310350465
17921609 25692062 424808694128044031
40818175 73964910 198868870523022
83092253 64447282 174620196135834328
13700515 63668453 195883752481457836
49485533 52280547 125424185858204676
76040077 56659660 205853308887406109
34621111 61895553 55431931227626188
63076617 71781707 179638479132838181
53265892 26882844 143496648407004597
66136331 21463789 304589222433031099
81236711 13722182 132628391099363257
60368500 99059164 549650626481653633
23248332 29170772 70733140549958345
82301262 4106022 610766091215531029
82637931 4646045 229817324992619581
73234189 75133946 595425165477253283
91294627 45295032 577011127304458770
90637773 95576043 89904368233802981
26050721 67274946 200364523286088401
99932824 91434283 589369702701388801
812437 94161451 359744461453093491
48275153 28231485 408263771565650441
80401170 62354141 373871822674500121
88696083 19727632 326101028523217741
35695960 74612173 313360228564720108
15775884 68832701 236087653456463752
88021001 77276050 415767680757998475
59610743 64071937 5653483490608955
43123851 58575709 24343683779862561
84460498 11936631 295313973552980944
51163706 70723199 759080071089026392
71430047 48312217 757045776762526481
74766926 52568106 418489864754355085
31061396 71453745 182325739496499402
37445400 32805269 231232591090825738
59337428 51479446 533282303667447819
57277361 71527526 499135367627160001
57088703 45541841 60382399439035873
61797902 55885847 15349418269104717
86083628 52565466 7631261041019561
26359602 56787271 411285779967172528
49374347 85044895 642428905827397079
94889617 45702607 721971865453980142
61533756 69164464 175617721876570793
60008450 42671851 479600134678077490
13264744 19717442 199027678826004733
64125996 67740327 69532069284326238
94951593 31159900 116693695714682881
41566861 17292986 540556714656290476
25424809 27108293 55303197484430482
87015568 67464976 352544039146075956
28136823 72199923 532498991054513334
75566390 18873450 69166418170565119
67970667 62044557 250328565499519431
67359677 53055655 134384364744669020
85963510 89661803 60435383577518818
65827839 81326112 254540748865456974
2378891 95746044 570518773169164882
37646913 90294400 238100083801888595
29817313 8415998 316581164760064419
78985499 76041065 404440097024128117
17965322 69982277 329723484546737021
79224509 89152941 291915298526447062
72313811 96486429 126586401535332091
41332146 19453091 300796886386204782
1556511 86028531 33277469752341857
38074638 10576056 147771384240247666
83010641 48462173 630173552327504265
54527851 28576889 48597144961888975
31893635 9060565 190975017961040710
12888948 96411930 310771654160294329
50541057 39626268 312882160024795071
48453158 9720253 397291176807925766
7751817 86304383 15010801399027671
64633359 34910122 43098354524684197
69144460 95865878 144411819931585441
36933266 30392982 335883257292180079
22710890 63495368 332895066522339553
9202654 51088792 145189737767587193
2432427 79346960 457231958781261441
65753546 72159975 233264301319532419
80382985 48272084 131222210913649033
73645004 97009518 243288102983641085
46536921 98481970 568110227262884773
28707008 93683363 674635417366178105
23264652 87177728 381428713041301486
29010529 59591957 109710683183130427
51352890 62026951 43187439092135101
96136523 48425028 576662841802056184
84378436 48581502 468283839741723
1174903 34885578 515133234869922241
88637034 72861100 35541988044336411
77671493 88725109 223730218613305340
99933804 68163640 170536678053655777
74590937 85309004 627555718679945797
13530875 54969486 111812005537916806
49274396 34604774 345963883166310347
8036339 946289 245232328936321403
44365910 15162192 65771816427317057
37524236 75005452 183367193366338676
26991808 88646564 14720694858036100
78424338 26242614 586397187613380677
86467784 74126150 248469770185908229
6196514 17149357 122888916256139476
24927264 14017248 352330053262053121
5319516 9471814 143004548733944869
87431915 2763495 56656631352821526
63882646 51575731 18584962959704701
47555944 25372813 520134394282280716
81380186 55196855 33962997520239184
845644 54509544 505048874167286771
3982822 90324785 73449748880472503
90704756 42441964 160883935305799993
65618226 17149210 412229340399192661
29375241 42589437 425279555383822676
56545063 48988338 157480359868902183
26110936 64725492 253206317224146123
642767 56627606 121921993726914313
34294248 76137722 89736614649436288
35403588 87466597 42293113510590196
47759689 69767572 6409094233852766
96916884 24940839 907765326644077441
50513795 47809378 127046471572131769
34092943 53881999 614376184992072189
62110633 39497143 755222192132804624
28228543 44680956 164637215373921233
63060829 86857878 225319891402962521
49458801 43431016 364154316956975749
75877159 80277822 300914039944910121
12433651 66475686 197759354493571993
86563944 83108499 98244219469257241
63742882 94889741 8063456996179126
59061381 88747316 553783910352268472
17719179 90550991 27280754236682677
48589250 55997596 455844285904766641
37020432 13394801 515824813684297261
60603755 29361799 135487287435783445
29277289 65753308 132750142316219800
56637513 48032123 790318766673648052
97704056 95271175 457079365416277969
78200543 57246784 14497589044460229
36421318 74679641 250719090521981347
65672500 19568628 369468592162306325
67646797 47692732 38548707248988301
22403508 87056168 46594986752868049
13689013 54475659 516200337392693651
98367842 5318445 327883478827031401
64204280 76259336 263451459100842242
10590816 44987420 62118351147976329
34410705 13616495 561571192800121553
76746898 25645989 222798404545805165
76619485 45472311 23340408229403181
11259360 9785171 783393809172509041
43211741 10274128 127449674561651683
67880816 68464076 47560717886707917
51880689 85690469 24884296588709557
15802607 64704272 361455683763757922
58451165 12260121 207712542785833233
15973815 21918834 19791191795627389
32232523 54613485 201932144814901117
47984181 80167732 258650146985409523
94008825 85676532 537711387745473969
32385380 57496724 53140509379663610
24582725 21269689 135442422211154821
45148769 33133604 328347878246944333
42456050 57547965 223945294189085449
62883659 86673603 692580793181548546
3298658 85861196 6675528001181282
67842696 12654500 701970692733386608
20432591 36609593 274731636911464279
3356976 18173801 55559358122035689
59530693 99466352 195576203928803481
25697314 41276856 101352326648253521
87901671 36715523 568510438671937853
22089589 73929265 20026082468882502
5026749 21340079 8486124424170191
96158772 92475004 21741568250379521
62456803 85928153 21124931936011956
15548570 16108579 125017718296346437
66677714 76456105 315859278168866491
20614367 66398825 592274632308487107
68329747 2508802 101829995521886369
29338811 30525508 726172075829933369
95469184 17501015 264266689324064001
53265520 10816250 435130600120801789
10339495 55054569 95237454046900561
18271385 98046296 100443405298652227
5354495 58749853 23782566975203808
29765354 44722789 88862254459236047
76567351 99576606 783641056172808079
54010995 19412922 74035936675945708
10979669 16567028 3876768418404361
83305867 25201944 568623506814850753
73277802 92662521 488864948839453411
78375475 25125027 179474765651788465
51994403 72658360 472734321265796205
60895104 40615418 381165807615995484
69431659 83008143 546237011982885176
53976966 88799735 370310902923147160
61079390 22923842 52922118147856105
61197762 96861814 163394054905522429
19733337 31335307 313257078190961997
23733643 17243543 326563525803876831
71764623 48037632 131678763915054984
2024610 97808170 534150430955383721
52102884 92768842 520051171201069457
51628239 87593561 44069048266379951
42967333 2744621 431619385065570801
36105089 247484 673763437826276511
10115741 79842643 7863399189176833
43054448 26834013 806773705052861041
21308241 93832109 221123161750295377
77170598 15395653 39421769597791948
27410867 84187585 233216727505690641
52672916 65664099 746700448987200601
89344070 91825084 699490090206528996
26049759 1195763 2831807079615571
70273246 62216117 112091363569472157
61801373 70262457 127306452679905105
53223139 11707374 359472825043470502
73439081 40325728 36078478201899109
41889451 79549806 203105428877619589
59407018 65699069 298781347500140089
50385438 32617207 19736359672212877
3743753 24181359 239121048308536822
18143837 97046942 8778560438324449
20908988 20501625 10935394594906487
70336343 23007723 303411543892031238
90120183 74250932 11765802690354161
83154458 53812958 626366699106149689
69910325 67704535 220884289352818561
72221232 8762529 157178215167239798
83440113 93979132 66631622335266526
22874262 16718848 454117215325482001
19129003 5316309 208240875881699441
91597539 18470570 32440031615446691
68169636 76063402 464047923394615
22829203 62197552 235607129068737289
11110723 63278692 310016934721458707
36757389 86403701 355727635197596443
17714658 4728454 56105032060775222
71539391 79501622 314966829072631030
11750090 98862844 132785332002078059
72772346 74481237 98040237190649692
42104149 99908780 22322039719167809
34946129 70734344 65319030860761327
64878579 21508843 650746448829155000
51188247 64622036 225825812754435622
26585949 66435038 357414095698846650
82219184 37951110 35746821793614096
90982794 43009048 5795907657365473
14855148 76945403 219553847938688704
58635933 37320104 37554655223705929
31879317 34911876 87693270160129051
97677137 18015414 120296903788252633
94686573 87285331 101105873053554055
95253929 46350612 22592781104208271
70213250 67120378 698646005059812881
6401507 18508820 349110213423391729
14861303 29189613 222454218666034741
6342806 7438021 110869569585634249
681035 98858282 20206558163492989
29738181 6659654 481672760239412797
42351388 97439271 879854849422357468
16708694 76937818 373927304376479056
28570512 89526225 81473474250877087
18382791 31711711 80194358749927305
11986755 39429727 497214517023979245
90396578 2612469 223360296584331313
40039532 51405498 29001743784018721
85080895 931469 577111440314294151
20118323 58896197 477434076598719337
65603617 12522452 23278320133056814
25061586 44175621 570403645517685457
93986307 43254868 116270596372693777
13704327 69242473 55622428784708761
89487756 30641715 24475302012268957
55974901 93847613 409423547181383065
46298352 72552282 17752730286737995
31427525 23701400 354030789478921217
93919141 44678982 212322259353283754
87882303 30703953 33785055536615461
51020825 66388615 79139721781162945
26337888 39504209 134255961578612581
79955807 96679406 233702269312491473
15716083 6287647 61218378823991220
85513461 30950002 723724719820898261
5727911 86684884 74801686516753141
87953993 44338874 270477135264604555
90883532 51546344 104122833153468976
96423326 67037661 179250884832976168
59245019 64337277 276622147979459290
44069782 25353069 109240620235005535
16455033 9965013 689874049958157261
58765967 75896489 392825721814256286
53731481 73299581 202785635259405129
69441787 45513613 86342110638180526
50554055 95621211 239425553051933403
33937339 15125918 159268814455564456
73433247 69849155 16726111781059801
41820835 89217063 509082179603981799
84457444 46599790 274332848510490001
4987405 82579705 686402982227544046
30639532 18388364 319489936636633666
93425882 77877218 182297488078599289
29335926 24190579 517388920004593551
14257286 45865756 274381574354309017
6461013 81879753 185920239541588102
96368643 54282686 190200075981163612
33719259 63480196 849812013018285721
91671237 5446766 43642587819233677
59273415 41443870 537339466868693757
50885273 35548924 394038965904234689
35567900 32518413 155668449477675433
92081338 288683 115845013862861221
23226555 95142072 538559411607332012
97796498 89411363 153368672791339831
62321034 26105766 192880503308458851
87610362 12900083 50553452432202845
30792913 93234572 450343604818687441
29053637 37362860 329443517297658367
37172221 53174168 545556911712711987
23125341 21597883 20551689441470335
80347871 5540962 16327811591621181
89440029 93936144 125003907671467441
39291883 40044159 253462664657221823
24212000 46589492 7174203362576185
49400694 4177341 2971148928524661
75605386 62430586 230684204424568639
26746726 44340156 397351796230314945
53651088 51008714 394840713231047729
70092666 14701195 3120194571590233
72465743 2429415 48163599177649759
86726300 15874978 265344151383889001
15631378 19877577 695603570373147827
64031184 3854846 56463059799732997
91264043 77353465 5711913781788277
29091048 82820123 6330058150997889
25163586 39899317 227408585310344881
76287747 64903394 389284166781959819
55217747 79115931 652746136173045601
97803744 56579870 24727310887297401
69517795 1043927 80388562464361996
3408783 67799646 592658389353705926
15178759 90565099 537544897778424039
17841189 91959312 152607911357063113
35387719 61965637 378593142131904709
36564452 24159264 189832831006852641
26688579 14461297 396252569995200667
38571408 40323718 27984269633375827
3266442 81533144 137090316899260573
30612838 13588527 49874364476316850
83880066 98413162 163333051864652755
79082268 97008866 70920906467469748
39083620 18227506 104792871220813072
36016073 33660806 257907507330542721
89511476 70914036 383402794686117031
38469096 32121094 365370372416677991
39906119 61037654 481354893859723807
57043803 32702231 999341703946273
1220392 16481219 53640500999008061
96793906 48349260 581604369314629986
86397957 73099553 213119241299169871
63124683 85987415 46188750032214091
45312373 71960222 338343975235992397
3503836 4621020 511589227389365686
52837073 2654217 441266843620914251
22763049 98380854 576840518343062650
53566352 67019121 70272938229557503
81286247 32010915 228648322531188995
99109923 68954167 101174263593190943
63370485 3448410 390056823655509409
94501230 99549496 536455864474822284
85742983 80027963 88229685590895341
84028897 45128736 11388333895770349
21452839 56230327 202808180596420089
74894102 70139390 172199671893153991
7134681 97598772 260793666081381805
40406409 82577419 24581875061763124
39868193 79551076 272169763956432619
13506202 89609399 342816839079454039
86785431 22245601 237642319615537454
89644118 84502040 759849151484721457
13099221 31824962 6896921168365441
3115185 71643967 196432378113023376
38180105 52783421 134608908495740185
33344605 13676018 68153594816681956
53780369 436084 56434106317758526
61605393 39592376 455325456258489297
33698576 4132773 7570948568743120
71526121 82588372 88953878680650721
8794534 49913063 493407821851540376
70707614 38742659 12425549976222390
43221304 55212267 43713186671802972
86409934 1286202 906191379054575866
64976445 64125097 6335406938776948
76724715 14432625 26447327448070941
10001537 72759140 25703664611876109
91296574 17426095 428909453906014692
66032568 79370345 31079083100370523
65298906 58360837 157549706411848817
14312059 84496098 114135128197888225
21216667 66461693 188094396290386489
38501436 13248198 291044061391498751
71990491 96588048 283676782607171725
80846729 83008801 532437575798932129
24791979 75320297 89856236192722516
13135946 21047888 84203527463801559
9765214 29663108 31456084170467776
54981590 16171232 52424192431059678
66902022 34401720 739144742532114505
64260956 9320711 289875945992685153
29887185 53633668 227703852624425235
83283550 32512048 238237541011223745
60103373 41036503 37544890925795968
67537689 31666025 121225930191947065
20921175 92021193 186525088787716228
41816851 58917083 419906498468017199
89177176 44298735 360131623656964153
23411656 4803163 156730950798956225
49744192 6044129 79321102834244113
30066733 20174594 149226860316569301
53539193 97697178 153812847805607657
90159187 8468797 622845197282503381
84929143 15257496 415187556453679251
60840150 36378443 734712402351461937
61545400 73049443 351510366933595717
36344433 92867660 441497858888891613
53307975 23297031 258799555705104565
14795086 53395100 727565371590455457
3640711 8440324 296748675345011545
51208476 30325088 491618204494200173
14209954 93813171 113798071301267521
39955889 87937578 178784857044096657
47169967 52343465 232634345225976961
79145401 95662024 574102614435666265
61486274 18463945 674951070902886133
92125686 53013506 44902490704203783
78490156 82869347 209333330131226305
74321015 41689507 326255783968638849
41528028 14549123 6235450170002869
45501919 82554355 367029130500944686
135781 80176755 145870164265920001
62259859 32751247 8945267476053721
25083481 98989679 86821647562695057
33167066 20685215 154948617378284391
4393665 4058182 187280821620250205
9972080 62017711 208547737848873916
30356083 95455841 195616447025095045
27987046 30593176 40303380885310334
28219960 26699944 31147472088938176
39310044 33375916 127889937256695375
17418146 80946035 504018738885638921
31107489 80112391 319418750093854271
91785553 23992283 95386488379944091
51567925 57944464 774049695088055380
53740213 31098468 39075764903139014
27380745 78425400 9965886336177103
60200530 17682236 121716386815710387
91336643 70338361 40193558212070308
13239731 33623979 345625736542385179
27894355 47428892 864516261731940289
3562322 81598064 83649808119933288
15401776 17236815 480558697269704414
39507345 26169437 523212841765680001
69872727 95079341 303972440990372225
49671365 68847167 119648101784127289
82341213 96893193 97099152458454206
48052980 16294244 110727168430523275
33704993 75162665 569685425204572051
60199280 21286751 68187291552462787
69201984 69209103 365485290560075453
33644602 92544820 192550701948496233
22406254 49830095 16065781585715781
45157388 17453591 109932054197338913
17432763 37140940 299808944220888797
71707545 64868268 118897517728631269
53387216 92745471 214869584700501193
86652369 72035149 271025806785841033
20284976 51540092 453925300703252642
68469027 86824749 68292551831940025
76708339 28796963 194317693235973290
10800570 32253476 2465504594541451
93327674 40092979 4509499043986949
25428660 57269282 1369096897302401
49457932 93234297 325171767751095709
35735961 35813231 141308844378133285
22439819 55646485 131589910381336681
56703122 69878156 223894176189795245
83115145 92796619 113083898839405951
14881943 40363430 214064568470272066
25094981 67309918 10213146530590609
35396987 14519058 335025491912683824
46679812 35468205 21242932352837141
87791454 81154411 133419486098783842
89381185 12628394 367707072009921439
5004987 30819582 648554838193960573
90122476 99090017 294722523996196726
89582289 3561585 421786949462070769
75772924 53064540 237041986142794603
35429189 37317508 294001040126068108
65991517 65559669 122392434449084123
68761454 97697201 273608889252852091
64224040 4126961 342810827862219343
20050004 86257482 67662383556680551
18882646 82710607 33882124188282365
76463951 15313838 467523932208264415
19046078 8510325 440217510650925841
68718761 32053039 216714795400907021
89917047 5743546 319768705352703289
77914678 11382633 333906079059540989
47729689 51161632 44461668086829533
45501024 23350865 77737151826504550
56467424 83730612 611819977118119001
76373435 48803515 201354573917031367
85647085 96410559 117477499015507807
6684422 39097036 432199160028385921
95173874 95562757 235802762564629066
71323636 82843574 33528959793073568
95411377 49944309 115997962781009413
72094057 72790259 97653719392312693
59597632 31376868 717183580809825325
65567418 59476617 99706839177951051
88048198 71485782 450416860310166855
45912305 5074757 5024012445969661
77177399 49000911 182790114869843031
85984002 26508492 273453118793735411
45360556 12452730 48538555102550305
85747930 54277033 99000133606624087
79935023 7088299 95025063992531616
71170740 69091516 261915770835893530
93762182 99860883 85048606353723601
64831699 6567988 471376983532560001
85584128 4623474 90259105887865651
70346477 96645381 2594104468384071
49288784 69639491 42561698993848993
95452478 8401279 125953637994020717
38721224 95057915 297015581679541453
61248962 17582730 318782822223336681
69027231 24132551 234389807895085389
29580523 53444624 562063121773844497
85617231 53296189 53740275634095001
56834943 37972437 150563579779654357
28090871 22031321 215109745485792309
63848317 42089826 758549960513625972
60882714 87611926 36157692692077314
11860918 11134646 52727459733480241
20482639 1386709 48526333668589713
391894 58269092 57705734041902436
38581158 41366248 151950138648782596
66118050 4688140 370978359146464081
43710185 45109330 122628093940164998
9979449 57716517 769156417094598409
86346205 49055371 1321482811203441
67826004 35265974 172332764972127614
33906361 37718134 118827249738154435
15724896 11179519 7156011569795440
20788543 35958350 134855027745206605
19561980 76996094 44739120700587563
91273897 5250335 624508155860659181
43567465 88828269 245999690601949515
32632319 78898454 138198028154482801
52776856 34959022 841933452012720436
64748233 91217556 365660501692467489
49726448 24416528 914145829094352497
78532881 51717166 625186405438383916
9175111 24488921 33995771170506461
59213641 33730870 95928841010752001
12342799 44714141 213067547974844221
97763981 63128629 790783986060204593
76246174 72409643 255573373351492363
34656911 79915827 54399330221101455
94172760 11955492 617472479318455435
93436013 95155746 99450012611781599
33807478 84894752 502890434771912803
26313168 46017727 185030096474805335
57062054 69379544 271822299294537473
13578876 13868206 185439840291900245
4696553 15685042 294145907016066193
84463969 53604337 184714456728956441
70143280 28702494 207852672999758378
83237251 39627064 140605604572289620
30073249 38843607 329287360590818499
99290679 50348057 44026791330708011
30210000 48398883 390557403954151930
10258019 70235734 4937152902875527
99977222 68818704 79627042195157184
26610625 54572828 877010402190922897
12120189 73735351 373950445221264201
20390428 53508672 90781269393963721
92962781 40768303 162670702701058177
50642732 27169851 654838988873947697
66799743 76600529 589055074342698947
38842300 78916815 210429307992515704
57057368 6731746 457285753914927981
9708417 96184580 289994905308852778
82788702 62035862 54873830723101126
66078062 45494293 133359328555086217
36688397 86943612 23630391120504277
30841621 321079 166915933582262086
80477857 19471295 499535828358167682
49372141 57858262 18937587297769554
35062105 17827169 519136058467181281
65316573 18754440 60514791741574881
93838719 52495585 48244096274484133
81168183 35833688 522611226030798649
32469291 93703248 7443887788094017
64136810 59933167 130415058439487767
44230120 44093763 37335689540250561
51086792 19604402 64411679675500151
24471894 77855695 55454374682083117
61995171 94490801 2409085761601289
62783716 52153506 75607253832317041
11161668 18341125 82529949104603941
52690577 84341328 27788777067597380
69274791 28765516 197038847767045331
35898390 44417239 114736353096752809
62673259 43012470 63060330418727809
19640750 19367832 136582469153930116
75952190 49362654 135424072656698193
62850954 30156886 746965714262866751
63549121 79500748 304863361736974921
6551312 14676076 75020591536652602
11383022 92421799 848500109380933477
89088765 10735999 170932562498891927
97292906 38845362 78042764195235021
49554797 37327827 334119602237300506
89867956 39391174 116226324838332408
67813734 55173257 10005849105777393
21452812 7288540 17178371472328966
84996637 21102077 566532291801203915
39997220 75293325 463419591671852520
27077008 95854990 68488321158126049
2443288 67555214 198107466607532461
6802121 6467805 523936996136256697
76375725 92816121 47436243400882945
65586714 91074059 140086861715906579
78424980 74815626 156785912102244013
65113440 77780990 76699003379630273
13139622 57975007 234531031371844881
87406401 30651036 22269040062789003
20738599 98364855 525515803628194489
75884144 49887245 47725541561594815
70210053 15154996 58444600993723591
50318822 9879805 323067276042148899
84140567 92867352 59250715312516231
75859752 13182167 215897647858791566
34414432 38167307 672893202249917881
31007109 3396106 97464040089825551
32604747 22389202 413336015249022790
13672791 31988808 318308302943405107
34275054 90373017 398537106173674481
97259326 24615362 628042276491073731
87981385 94059818 30524846742837707
2213482 67621484 349247529979088833
85547910 73856563 642732155027311825
63946192 38551359 842542801876671955
36002360 51970692 658672503956542609
455281 94522400 64882776868449085
6822990 97330817 249452922914914526
98123454 37772212 17078126910933925
59051364 30525516 1065483162844642
74021229 65037260 417566897164931669
7246848 2390746 528478181331942301
69247376 10842726 728109509289024303
7900868 18694949 238119400915942681
78525305 63184455 161580389346733897
53795880 23730790 242794061688411233
39239306 84381290 327998602402742571
62372189 15839255 547387360749827508
46966028 22419567 95488285589489521
69779336 66560329 484243818008361133
92770617 52638289 238760974511656001
81088031 75291066 102584045861851451
35413556 66952436 537668663402277901
28166382 94042379 1672986026814326
39387360 23001756 119247578100663146
24621952 77446516 70402617297778502
1876739 4231878 608354494764645786
81880676 4451081 17934726645854767
87413124 83271788 455636222667009385
86955884 84396791 80488770343879321
35624366 51010367 51833932781911351
64033513 98151365 389144111951960665
24016234 35912941 142756691484306901
48391920 26018454 173532820062491891
78674312 26687834 205454521758658465
43491735 53574755 342457871698977301
40706550 53027304 190610899401389749
80997943 43887171 48344685394319137
87151366 56746417 259083688351320636
4100011 54953893 73920228857807778
5647276 15633865 261621736088168737
36284048 76953490 155984588544327141
23794558 5519574 38013234100196785
12662971 21806398 87747645880635417
63654802 62326360 342518098933233901
19998058 35329731 117226034966813213
3381079 46043709 749997485894076022
78861511 34283571 174266124642576169
94477298 96022097 210640712156604466
29925744 98644392 217071113975842859
98062820 89376379 89495985718179828
72376534 37443238 98599009100672431
36241823 13328556 307956225202663460
95723133 42681180 7388689431251609
24267462 21800478 817578186914169581
10224698 50310879 551377261702995001
93206641 79387031 257850268249343736
65359475 78589555 41583977230530510
47233126 52132 25292365294225129
42674530 60064452 98178271617741897
57328481 16061920 45105404909577601
33766482 44928038 13232721872635255
28436812 28568364 5491931735280376
34201050 64077355 199826350578051831
34716918 5511803 564175074275444802
87789293 33010069 214758624512779873
22746248 8708460 3597713266987251
41120009 7043382 20295185665228867
9898790 79014053 528717334093164787
70461424 63091847 454715445775466143
65716817 173605 74784757870740937
31366325 3835964 197393937279532687
17109702 76253845 339702833569671241
38719811 69355479 516800565941692383
91082361 29031900 148308349432923781
64560389 65739540 107231919315700751
86609005 23959889 98537649646431871
70671269 66372267 590175240795277829
31866217 51817940 36553101877857571
99762493 67312777 58234439679962404
35768575 44166180 76850209904888413
53917734 46090712 7821296160154561
25361107 92950370 367688445108408730
44505230 78236994 47270197333812241
35413891 18459067 14409801274943411
354026 2429305 494672811664618207
91458866 65739714 465662504957216248
19233580 57033659 103803251553333409
15770726 12410512 219694314609633196
38417186 2629984 320754565905300626
3088516 83597005 140380029654512736
38812329 37493639 18144086025920884
60333711 24470930 5700623703478593
22286429 94327491 618374082857867131
21417630 1920792 43989815461724715
36924124 66681421 19984415960987233
97729751 96484237 553363436598536785
22660706 50285637 766199779832693947
21789403 86784021 567920218528208361
95799776 4494887 543506044967707417
32569603 21673708 68655549516111838
14829986 46768130 141065875160780690
20765470 70839727 567864114262048995
39822499 11854417 298325095412252833
28093149 57100067 294271085416957489
8720842 57243055 531571926444745826
31812816 65235088 168551863580887597
30307939 75042445 49514254967700325
92436874 69567754 49194754177824997
62154652 45958157 400652825496437701
90775213 16969121 712282793873898589
91233524 51560779 349033077233282697
47494111 5512295 413745629935112688
39038174 12102097 184078426457691640
38854365 32132005 14488973402721381
69477265 71335860 522926271109888641
6792064 83459654 197534385749006689
54943623 56364028 283439580643440983
19721836 35535206 185742324923210865
35160607 76363953 67241758052864029
99926930 55156606 232277177134051105
34520013 52338259 14916240477561271
64094488 22150376 385044235659589649
23738236 7806276 85160657605142254
2268470 13367086 170413771417650565
95878380 97197996 270291452566541561
64637465 29934313 375324235937172606
80614963 699464 241763914352248717
59389654 5187144 2878075212775413
67007729 19774874 386076054656334381
58211903 34754632 793132407638094353
3210549 146590 377123065191218212
78670264 24231702 84343142700105511
5453497 21050242 343996488356130113
32275175 93615058 40626424063962521
45439107 85699260 5161721879822465
10416805 86933697 37794019692349589
5918598 9374156 212109710761988467
8886272 78437943 314129757646142951
42205276 22024431 212523134001881587
2043874 93278254 126403272343635809
46981986 19934710 50699389710486001
71085869 86913956 125740746577253121
59581318 37680228 301074305982056801
13731068 67110843 456277421516699041
8496923 84264039 153935720265434081
56748775 78802629 47835970708043911
19581829 93007298 156225145513240801
50969081 42168955 380888172152791603
42554890 61910900 748894003177640398
5259074 49798514 189736330917222712
64668178 62720246 226298304405700325
2950930 98465366 510405630151944781
83249253 43757433 22097715942037421
45456699 21763374 304442995185316132
30952560 95238185 95076449512749895
76394577 17308 108278942750449461
45733487 95446451 475959739189884385
53912091 22906544 748523522120061358
46225704 71797637 134015270872000733
17050177 20223390 30843912763088932
99436529 75525983 309958336989130776
15072116 74057388 55276103131664332
19696967 64492183 299177364915178471
66527115 50364918 37246347020514841
73449974 69038700 38591720197890081
68464139 46085737 295971269553355826
22309653 50394163 7396779874584534
88269871 84866189 406543058472800019
44595584 14040577 563353051776480265
796623 37276369 65905321866552719
87150962 73536311 64730441935852077
74192843 32772961 370445056264520178
33995501 63310739 146269774140586877
41072810 98299330 13635288437100982
90989913 53014615 490914719131754355
2541454 76579428 325578745208375397
86230002 15686423 168479438077074741
93370512 16579700 588270921222516362
28135821 16587498 294462931315782961
35800085 77631632 43341130876410859
78769153 92232395 138955287615055552
88081872 28861836 341291704749191249
14985642 32368208 272738195841537469
97777671 42907967 161387780875571082
44150519 84987484 569120301643616148
46755660 86709759 367058752219652383
53043186 47313190 31999075164036677
20590267 98219840 81248983560522565
99385164 61293464 429415781809304566
11046803 71930998 266926958122459177
76862312 40933753 247444186573275841
67769055 48263709 111111456405276204
72091180 66390621 274335131247489001
92816435 87750258 344420924757199900
4542124 51844281 800212687549059001
94187504 472242 145171548119889785
49047333 1285014 480421473727813886
76098143 94114883 368082617377525293
90233754 48468677 65009988731490776
76723066 12963881 431343720351171226
71008436 18579777 343162059394084763
80248009 59241020 361597591199308881
94748144 71182561 77675484879791895
28755730 12677480 605010882180434033
54646773 76667031 183637708941265426
46790327 39404433 384348464943116321
54450443 70490115 51629178010264401
91466663 89937768 46948187121745764
59941047 65736937 53766439869434436
18577776 39732721 950224739341396
39952186 36363972 662207081371103970
40479643 76375745 500307538203408487
32979799 68184060 421040099602168255
90183395 99116284 277408253482681050
22495158 79237433 124670919770245108
19767669 29695887 531239966282355891
15057077 23800278 576550667648543795
55456222 64589856 7686230380875667
13999659 2113422 39487861315014329
92187341 77487567 220194825301732834
98077495 96231629 220996977426850901
15933304 21854028 111711600518758934
65469951 59626488 326543375703670714
87326701 16269122 326511786187073352
35832934 41175461 27671341230328173
93170208 22261854 168023467851508816
15253374 71033710 253296290804991130
39013841 55181952 470767747236601621
72216509 45375040 264385469782817761
56526960 53167010 192256631387659201
26750191 84844439 333769839104455780
93575585 52118500 83196142730464790
96203499 83481872 274719564639577261
66871978 38430192 482616159216505588
