32
1315865 524288 137971902710080
1315864 524288 137971902710080
1315865 524287 137971902710080
1315865 524288 137971902710120
76 524288 1426063680
75 524288 1426063680
76 524287 1426063680
76 524288 1426063720
88 4194304 13421773120
87 4194304 13421773120
88 4194303 13421773120
88 4194304 13421773160
100 33554432 123480310080
99 33554432 123480310080
100 33554431 123480310080
100 33554432 123480310120
1000100 33554432 6711009880310080
100099 33554432 6711009880310080
1000100 33554431 6711009880310080
1000100 33554432 6711009880310120
5000020 32 32000015680
5000019 32 32000015680
5000020 31 32000015680
5000020 32 32000015720
20 32 15680
19 32 15680
20 31 15680
20 32 15679
1666726 32768 10922730455360
1666725 32768 10922730455360
1666726 32767 10922730455360
1666726 32768 10922730455400
