20 380
12 5 7
14 3 -20
9 16 -15
20 16 0
11 7 -5
4 20 -5
16 20 -19
15 6 0
20 5 9
20 12 -28
16 6 -12
19 8 -20
14 2 -30
7 18 -9
6 1 3
6 13 -40
11 1 -12
15 8 -16
10 17 -36
9 17 -26
12 14 -4
1 9 -9
3 13 -9
17 14 -20
14 5 -30
8 20 -20
9 19 -1
8 15 -36
5 15 -4
1 10 -13
6 3 -7
1 3 -24
13 3 -27
9 6 -20
3 1 -33
4 5 -30
11 16 -46
13 16 -34
7 16 -7
18 8 -15
16 9 -15
14 6 -19
10 13 -10
8 3 -32
18 7 -5
18 15 -16
8 9 -1
20 11 -32
19 11 -27
4 18 -13
2 5 -38
12 20 -46
20 4 -28
14 16 -46
5 17 -6
4 2 -36
17 16 -44
4 17 -38
14 8 -7
15 13 -36
19 17 -18
20 17 -38
11 20 -34
2 6 -3
10 14 -8
12 19 -32
12 4 -4
10 7 -50
16 5 -4
18 2 -40
13 5 -2
10 4 -47
11 10 -41
4 9 -17
16 7 -9
4 16 -21
11 13 -23
14 19 -14
9 5 -13
9 10 -34
16 11 -31
15 2 -1
19 6 -20
16 2 -17
20 3 -3
12 2 -14
8 2 -47
2 1 -32
14 1 -43
15 4 -16
6 18 -50
2 18 -16
3 19 -27
4 8 -24
15 5 -25
3 15 -28
13 12 -22
2 15 -34
14 18 -24
1 2 -7
1 16 -33
16 3 -18
2 4 -8
5 6 -32
3 4 -26
9 12 -21
19 20 -16
6 14 -45
11 15 -31
15 20 -15
7 6 -24
5 3 -40
4 15 -30
16 4 -26
17 1 -1
17 2 -36
18 9 -42
19 2 -28
12 17 -30
6 5 -10
17 20 -11
2 14 -39
8 11 -42
13 8 -45
18 5 -8
12 3 -31
11 2 -43
10 19 -16
1 5 -25
3 5 -23
11 6 -31
7 14 -21
7 9 -21
2 13 -17
14 12 -50
2 3 -14
16 12 -49
1 4 -26
8 17 -2
2 10 -32
4 10 -27
1 7 -48
15 19 -36
1 18 -11
16 8 -44
18 11 -41
20 8 -17
19 4 -17
9 20 -24
19 16 -22
15 7 -10
8 12 -28
14 17 -34
17 15 -9
11 3 -1
14 10 -13
10 9 -37
5 7 -44
9 11 -14
11 8 -17
6 19 -35
5 18 -30
3 8 -1
18 4 -31
7 3 -49
4 11 -10
6 2 -18
16 18 -22
10 8 -40
2 9 -9
5 12 -26
3 12 -7
5 11 -48
1 15 -50
20 9 -45
18 10 -1
18 3 -13
6 12 -34
5 2 -19
16 14 -2
1 14 -13
8 10 -37
8 5 -25
13 1 -19
20 13 -27
14 9 -33
1 20 -20
16 1 -40
19 1 -17
20 14 -49
18 19 -15
3 14 -15
1 11 -16
19 9 -46
7 2 -15
7 5 -36
7 8 -29
14 20 -5
17 18 -12
9 4 -18
5 20 -1
5 9 -40
16 19 -12
17 12 -24
10 6 -24
14 15 -35
6 8 -38
12 10 -1
15 17 -12
12 18 -1
7 19 -24
2 11 -21
5 1 -42
3 17 -28
18 17 -28
17 8 -43
17 10 -48
3 11 -20
6 4 -18
6 7 -2
9 13 -46
9 8 -46
1 6 -18
13 19 -11
9 3 -8
9 18 -46
17 13 -39
9 15 -31
18 13 -18
2 16 -22
3 10 -2
20 1 -40
11 19 -27
10 18 -46
15 14 -49
1 17 -23
15 9 -14
6 11 -36
5 8 -31
10 1 -8
18 16 -22
12 13 -43
11 9 -48
12 7 -7
8 1 -7
13 11 -15
17 4 -13
19 10 -39
9 14 -42
10 11 -45
17 19 -49
1 13 -21
17 7 -45
19 12 -20
2 12 -12
3 9 -35
7 10 -33
17 6 -36
17 5 -26
13 20 -27
5 4 -46
7 15 -33
20 6 -31
6 16 -10
2 17 -4
8 6 -20
3 16 -7
1 12 -3
18 14 -36
14 7 -28
5 14 -3
17 11 -10
6 9 -26
8 13 -35
16 15 -25
2 19 -43
13 9 -20
10 5 -45
6 20 -11
6 15 -19
11 12 -46
7 20 -14
7 12 -27
10 12 -15
7 17 -9
3 20 -16
8 4 -3
20 7 -11
3 18 -11
19 5 -1
1 19 -28
10 2 -27
16 13 -41
4 6 -10
12 16 -44
15 18 -8
14 4 -35
16 17 -25
1 8 -37
13 10 -6
20 15 -27
18 20 -8
6 10 -11
8 19 -25
17 9 -40
19 3 -21
18 6 -47
5 16 -9
20 10 -48
8 7 -42
10 15 -17
5 13 -49
15 16 -27
10 3 -40
19 15 -16
2 8 -33
17 3 -34
11 5 -7
9 7 -43
4 3 -17
7 4 -45
12 8 -45
9 2 -36
20 2 -34
7 11 -10
19 13 -41
11 18 -37
8 18 -6
20 19 -21
3 7 -26
19 18 -43
15 12 -38
13 6 -1
14 11 -43
7 13 -28
11 4 -40
11 14 -17
16 10 -19
13 18 -7
18 1 -1
2 7 -42
15 10 -45
12 1 -6
4 7 -38
5 10 -18
3 2 -33
4 14 -11
20 18 -11
9 1 -43
18 12 -9
2 20 -24
13 17 -41
13 14 -3
3 6 -19
15 1 -48
13 2 -9
11 17 -3
10 16 -37
15 11 -16
19 14 -20
8 14 -36
13 15 -43
13 4 -41
12 15 -3
10 20 -1
12 9 -19
12 11 -15
13 7 -35
4 13 -16
7 1 -19
4 19 -40
4 12 -25
14 13 -7
19 7 -13
4 1 -31
6 17 -38
12 6 -43
8 16 -3
15 3 -26
5 19 -41
