20 380
10 1 -37
5 8 -13
15 6 7
7 17 -37
7 1 -40
20 6 -39
7 18 -28
1 15 1
14 19 -17
19 6 -3
7 12 6
4 20 9
4 14 -34
17 11 9
7 16 -31
9 17 -11
12 14 -17
8 2 -26
14 5 -37
14 3 -35
2 13 -32
4 19 -8
6 20 -45
9 7 -9
2 14 -14
20 1 -21
11 7 -35
13 16 -39
4 8 -32
20 7 -48
14 13 -25
11 12 -40
20 9 -41
15 7 -35
12 10 -2
8 15 -48
16 11 -15
6 8 -4
15 9 -31
14 4 -17
18 14 -13
7 14 -6
15 2 -10
15 13 -33
4 9 -45
15 8 -10
10 20 -36
2 8 -35
16 8 -9
15 12 -23
3 7 -39
4 1 -47
3 12 -31
6 15 -31
8 4 -18
8 11 -38
12 7 -18
2 11 -48
17 15 -3
10 13 -22
12 4 -13
18 2 -10
11 1 -22
14 18 -20
15 14 -41
18 10 -47
5 15 -29
16 13 -7
16 14 -22
5 16 -47
14 2 -33
4 13 -34
8 1 -38
7 13 -10
11 14 -16
6 11 -12
2 19 -25
17 3 -36
5 12 -12
18 3 -45
5 3 -18
1 17 -42
5 1 -4
2 5 -26
9 18 -40
18 7 -13
14 17 -23
14 15 -38
6 12 -5
8 13 -49
4 11 -34
17 5 -38
1 19 -43
19 12 -16
6 16 -48
5 19 -25
6 13 -33
2 12 -44
7 11 -34
10 3 -39
8 20 -3
17 2 -39
20 18 -42
9 11 -43
6 18 -21
11 16 -18
13 5 -44
14 10 -26
2 20 -29
4 5 -18
19 20 -17
14 7 -28
1 9 -31
12 16 -16
18 8 -30
3 9 -4
2 4 -50
15 5 -47
13 11 -30
3 1 -20
9 4 -49
1 4 -12
7 6 -50
19 18 -11
7 3 -22
12 1 -38
4 7 -29
3 2 -45
18 11 -13
7 5 -6
19 13 -21
7 9 -10
2 1 -8
8 3 -49
19 2 -47
15 17 -6
4 18 -28
3 14 -21
9 14 -13
5 11 -50
8 5 -19
3 4 -35
16 15 -10
19 11 -2
5 13 -18
6 17 -48
5 10 -19
14 8 -25
20 12 -35
15 16 -37
19 5 -14
6 4 -47
13 3 -6
13 18 -39
3 13 -13
13 10 -40
16 19 -31
1 2 -41
20 13 -13
18 16 -21
2 15 -38
3 16 -47
10 5 -18
6 2 -49
3 6 -36
11 3 -15
18 17 -21
9 13 -25
6 10 -21
17 6 -33
16 2 -19
16 5 -9
4 16 -2
4 2 -38
16 18 -34
20 4 -5
6 19 -7
14 20 -34
11 8 -44
2 16 -33
12 20 -6
2 3 -12
8 14 -50
20 8 -5
12 6 -25
13 8 -45
5 4 -35
10 8 -19
3 8 -42
12 18 -19
14 6 -18
18 13 -44
18 9 -31
12 9 -25
3 20 -37
17 16 -3
8 19 -2
10 4 -48
3 5 -13
13 17 -18
20 2 -15
1 12 -9
16 10 -34
18 15 -18
3 19 -37
11 19 -8
10 16 -43
13 19 -42
9 15 -4
17 14 -8
4 3 -40
11 9 -37
1 13 -10
8 17 -22
12 8 -36
18 12 -21
2 7 -36
17 9 -17
15 18 -14
15 10 -37
14 9 -4
20 15 -16
10 12 -41
12 19 -25
20 14 -18
16 12 -37
7 4 -49
13 14 -8
6 7 -20
11 10 -35
6 14 -2
6 5 -22
9 5 -3
16 4 -33
17 13 -35
3 10 -19
9 20 -20
19 7 -50
20 19 -39
11 20 -2
9 6 -43
17 10 -23
7 20 -3
13 9 -34
19 16 -4
11 13 -35
17 7 -39
10 14 -40
17 19 -26
6 1 -12
20 10 -38
15 19 -16
18 20 -29
20 3 -49
12 15 -21
1 16 -27
12 17 -13
10 18 -14
1 7 -13
15 11 -30
13 12 -46
2 17 -6
14 16 -15
2 9 -16
20 16 -19
7 10 -2
3 17 -37
7 15 -34
15 20 -31
12 11 -39
9 1 -30
8 18 -40
2 10 -13
9 8 -41
19 15 -26
8 7 -12
10 15 -21
15 1 -12
17 8 -45
5 18 -36
6 3 -48
11 17 -34
16 1 -50
7 19 -5
7 2 -40
17 1 -21
7 8 -33
8 10 -1
8 16 -7
5 2 -41
16 6 -10
20 5 -35
2 18 -28
19 9 -33
5 14 -24
10 11 -36
1 10 -13
13 7 -37
12 13 -12
15 4 -40
12 5 -8
4 10 -33
13 4 -14
5 9 -44
4 17 -26
20 11 -18
12 2 -26
6 9 -33
17 20 -2
12 3 -22
18 1 -45
9 3 -39
20 17 -13
16 3 -4
17 12 -33
18 4 -33
14 12 -38
9 10 -22
13 15 -29
11 18 -1
5 20 -44
13 1 -46
14 1 -50
11 15 -25
5 17 -33
19 14 -33
19 3 -27
19 1 -40
1 3 -44
10 6 -42
17 18 -15
3 18 -28
1 8 -22
13 20 -49
16 9 -24
9 16 -5
8 6 -26
16 7 -33
10 7 -19
4 12 -20
11 4 -17
1 11 -41
19 4 -42
10 9 -21
5 6 -15
1 6 -25
4 6 -30
16 17 -26
9 2 -27
5 7 -16
17 4 -32
11 5 -40
15 3 -31
14 11 -26
19 8 -1
1 20 -41
2 6 -2
16 20 -48
4 15 -17
19 10 -11
10 19 -33
8 9 -15
18 5 -41
1 14 -9
3 15 -35
9 12 -48
19 17 -45
10 17 -42
11 6 -20
3 11 -20
10 2 -44
18 6 -7
1 18 -31
18 19 -18
13 6 -1
13 2 -17
9 19 -42
1 5 -16
11 2 -24
8 12 -6
