20 380
14 5 -20
11 16 -23
3 4 -11
4 10 -2
20 18 3
6 17 -28
2 20 -29
15 9 -38
11 8 -23
11 5 -10
19 15 -4
1 10 -5
15 14 -12
4 3 -31
8 6 8
4 2 -11
17 1 9
1 7 6
3 10 -3
13 9 -20
17 8 -39
14 13 -34
10 4 -16
4 5 -45
1 8 -26
8 9 -25
17 7 -39
8 17 -1
19 11 -38
2 19 -40
6 19 -23
9 7 -25
16 4 -5
5 7 -17
1 15 -37
6 20 -4
1 3 -24
17 6 -45
4 1 -4
1 9 -7
7 11 -33
3 19 -28
17 9 -41
7 16 -7
7 9 -47
4 12 -7
10 11 -15
18 3 -31
10 20 -14
12 9 -26
12 19 -8
14 7 -9
11 2 -35
15 7 -42
18 12 -40
16 3 -50
5 12 -49
3 2 -12
16 7 -28
3 16 -19
11 7 -28
17 18 -37
19 20 -8
9 19 -34
4 17 -2
8 15 -1
8 20 -25
20 8 -3
14 4 -24
10 14 -22
2 3 -50
9 6 -15
10 8 -50
7 20 -9
19 2 -24
5 2 -19
11 1 -19
18 4 -19
5 8 -25
19 4 -40
4 15 -41
10 9 -20
4 20 -2
17 2 -48
9 17 -7
1 18 -33
11 17 -48
10 17 -35
20 9 -24
20 13 -6
16 8 -20
19 10 -6
9 4 -31
12 8 -11
11 13 -37
10 5 -32
6 16 -22
10 15 -26
13 17 -28
7 14 -48
15 5 -9
6 2 -40
17 19 -14
11 3 -9
20 16 -18
15 8 -38
19 7 -26
3 8 -15
19 9 -48
18 13 -29
13 1 -18
5 15 -12
2 4 -1
18 14 -37
20 14 -29
19 8 -40
9 8 -9
10 7 -23
2 1 -46
13 11 -35
10 6 -2
15 13 -21
5 18 -17
8 12 -1
4 11 -45
5 9 -46
18 6 -46
20 15 -38
3 5 -43
8 10 -30
1 13 -47
12 11 -46
15 4 -44
7 19 -37
9 3 -20
13 4 -19
11 18 -10
8 18 -23
12 2 -36
5 11 -32
19 3 -25
6 9 -26
3 9 -24
13 2 -2
17 12 -21
8 14 -8
17 15 -24
14 12 -10
16 17 -25
1 5 -36
4 9 -41
18 5 -33
1 11 -5
4 16 -10
19 5 -2
18 11 -9
2 15 -33
14 20 -38
15 1 -22
13 15 -2
20 4 -32
3 7 -40
7 5 -38
3 17 -34
7 2 -42
12 17 -19
8 16 -36
12 4 -1
13 16 -16
16 12 -46
20 17 -45
7 3 -37
4 14 -13
13 19 -30
7 8 -33
15 17 -31
19 14 -12
12 10 -49
20 11 -11
6 11 -33
14 17 -39
16 1 -3
2 14 -47
13 12 -23
11 10 -42
7 17 -35
1 4 -25
19 18 -11
1 12 -46
15 12 -21
7 10 -50
16 15 -17
2 12 -43
12 13 -21
3 13 -50
8 11 -42
6 1 -22
3 1 -25
18 17 -21
17 14 -14
6 4 -29
7 13 -49
6 18 -46
1 14 -36
6 10 -32
20 5 -7
15 16 -22
5 6 -11
19 6 -10
8 2 -3
4 8 -38
20 7 -34
9 18 -8
2 10 -11
10 2 -46
16 9 -28
12 6 -47
16 10 -21
14 11 -31
6 5 -22
20 1 -21
5 14 -13
5 4 -46
6 14 -48
9 16 -4
4 6 -8
14 9 -18
8 1 -12
8 13 -45
14 6 -28
2 6 -29
8 3 -46
6 8 -33
12 20 -43
14 1 -11
16 19 -29
15 2 -33
14 10 -35
9 13 -39
10 3 -28
5 19 -44
12 5 -37
18 2 -45
15 6 -36
12 7 -34
14 15 -6
5 3 -25
9 15 -16
14 16 -45
18 8 -25
6 13 -37
13 20 -48
7 18 -17
10 1 -31
11 15 -15
13 3 -43
10 18 -13
13 5 -44
13 8 -24
14 19 -23
11 20 -49
3 11 -17
20 12 -17
14 3 -8
17 11 -11
16 18 -5
18 1 -41
6 15 -20
12 1 -42
19 12 -26
18 7 -9
13 6 -50
16 6 -26
13 10 -21
16 13 -13
2 11 -7
16 14 -8
4 13 -25
12 14 -28
9 20 -27
7 15 -27
7 4 -44
9 1 -14
9 10 -24
3 6 -43
9 11 -48
20 6 -21
14 8 -24
15 20 -7
11 19 -2
9 5 -39
18 19 -11
16 11 -15
1 20 -5
2 7 -45
9 14 -4
1 16 -37
19 1 -34
5 16 -19
12 18 -46
19 13 -25
14 18 -1
2 5 -10
1 2 -36
11 6 -39
15 19 -24
5 17 -16
19 17 -23
17 5 -4
7 6 -5
4 19 -32
10 12 -39
17 3 -5
6 3 -10
15 11 -29
11 4 -31
2 16 -14
2 8 -41
15 10 -30
17 13 -32
6 7 -42
14 2 -22
10 13 -36
1 6 -2
2 17 -49
19 16 -18
8 7 -7
3 14 -13
17 20 -5
18 20 -42
4 18 -2
5 13 -16
11 12 -10
15 18 -45
3 12 -34
12 15 -42
13 18 -36
8 4 -13
1 19 -30
5 10 -32
2 9 -20
13 14 -32
20 10 -36
6 12 -12
9 12 -39
10 16 -29
3 15 -23
4 7 -39
17 10 -15
18 16 -15
18 9 -14
3 18 -16
11 9 -14
13 7 -13
8 19 -30
9 2 -2
5 20 -43
17 4 -16
5 1 -2
20 2 -38
15 3 -47
16 20 -3
3 20 -26
2 13 -21
16 5 -11
2 18 -14
11 14 -18
20 19 -48
17 16 -1
7 1 -32
12 3 -13
10 19 -36
1 17 -3
18 15 -28
8 5 -37
7 12 -46
16 2 -8
18 10 -24
20 3 -21
12 16 -39
