20 380
6 18 -29
13 5 -27
17 2 -40
1 18 -15
4 10 -38
17 12 -3
12 2 -31
17 16 -30
8 14 -36
1 16 1
2 1 -11
14 9 -8
2 12 -36
13 4 -38
11 18 -5
13 16 -11
8 16 -36
2 20 2
7 4 -23
9 18 -20
16 5 -12
13 12 -25
19 11 -25
14 10 -36
6 10 -6
12 6 -4
20 13 -14
12 8 -30
17 20 -7
11 13 -8
7 2 -46
4 12 -45
17 18 -22
19 13 -34
8 2 -47
19 8 -46
5 18 -30
18 14 -7
19 7 -27
3 5 -30
6 16 -22
11 5 -33
12 14 -27
20 1 -13
18 2 -3
17 14 -27
10 9 -28
6 20 -18
4 6 -45
11 1 -48
2 17 -35
8 6 -17
18 15 -44
16 2 -1
1 20 -31
1 13 -8
16 9 -24
5 13 -6
11 20 -25
17 9 -3
10 3 -23
17 13 -19
7 9 -40
8 3 -3
11 8 -50
8 11 -1
15 5 -10
3 1 -2
11 16 -9
16 11 -42
15 19 -40
20 19 -35
16 12 -24
20 2 -48
2 18 -11
9 5 -46
3 8 -37
12 9 -32
12 3 -16
18 6 -44
7 19 -21
1 4 -31
15 12 -40
3 17 -23
16 18 -28
6 17 -27
11 4 -5
7 17 -14
1 15 -35
16 7 -22
19 17 -33
16 19 -40
3 4 -43
4 13 -32
17 7 -35
16 4 -13
1 19 -5
2 5 -47
2 19 -17
14 13 -27
15 11 -4
11 19 -45
12 1 -49
10 19 -33
19 15 -10
14 1 -17
15 2 -31
7 6 -35
3 16 -12
18 16 -4
10 18 -31
4 15 -20
9 15 -24
20 4 -20
3 11 -5
1 14 -8
12 17 -19
14 15 -44
17 15 -44
16 3 -26
9 4 -4
19 10 -26
6 7 -14
5 12 -50
12 4 -10
2 11 -13
8 5 -36
5 6 -14
5 2 -26
4 16 -23
10 6 -42
6 3 -43
17 6 -38
19 1 -23
3 2 -49
14 17 -4
4 3 -20
16 8 -16
4 14 -4
9 3 -49
13 7 -38
7 20 -33
9 11 -23
15 1 -18
18 10 -47
3 13 -48
20 14 -6
4 8 -31
3 19 -6
12 20 -17
9 12 -34
14 8 -40
10 8 -50
13 20 -34
1 9 -14
17 19 -34
14 4 -12
18 7 -14
9 14 -3
11 12 -1
14 18 -43
11 9 -35
15 4 -35
8 20 -8
4 20 -6
15 6 -41
4 5 -49
8 15 -38
16 1 -13
10 1 -12
8 18 -36
2 15 -4
17 8 -6
5 7 -33
4 7 -44
2 14 -4
20 16 -3
1 3 -45
18 8 -36
3 6 -21
7 12 -23
9 2 -25
6 19 -21
5 10 -49
11 7 -21
2 4 -49
20 7 -6
20 12 -21
4 11 -31
19 20 -35
13 6 -9
3 14 -37
6 15 -4
15 3 -44
10 2 -10
13 14 -24
17 10 -27
10 12 -42
3 12 -8
13 9 -1
20 6 -27
18 19 -17
2 9 -32
8 4 -18
15 16 -45
13 3 -19
3 9 -43
1 5 -29
13 19 -15
18 1 -14
8 1 -15
5 8 -6
6 11 -43
12 16 -32
13 1 -5
18 13 -30
14 3 -43
18 17 -22
1 7 -14
19 12 -47
7 14 -12
1 6 -2
5 4 -4
16 20 -27
2 13 -14
20 3 -24
3 10 -17
6 13 -34
9 10 -27
16 6 -11
2 10 -36
12 10 -33
6 12 -50
16 17 -3
7 3 -40
15 10 -38
14 16 -29
13 18 -44
3 20 -33
12 13 -21
6 5 -22
12 5 -41
1 11 -39
7 11 -43
14 20 -45
15 14 -37
18 12 -32
5 15 -20
9 6 -7
19 6 -12
9 1 -25
2 3 -18
15 9 -31
4 1 -43
18 9 -25
20 15 -21
7 15 -21
10 20 -12
5 1 -3
12 11 -38
20 5 -28
5 9 -2
19 16 -7
20 10 -44
18 20 -18
7 13 -22
15 13 -32
6 1 -5
6 9 -30
19 14 -40
1 8 -16
17 5 -26
9 19 -10
20 18 -21
5 17 -47
8 13 -24
5 16 -31
17 11 -6
14 5 -20
4 19 -30
2 7 -33
11 6 -6
4 17 -17
9 7 -43
18 5 -38
14 2 -18
6 2 -27
10 15 -31
13 10 -24
2 16 -34
2 6 -29
10 14 -41
5 14 -38
11 14 -24
5 3 -42
9 20 -8
8 12 -29
8 9 -18
10 11 -30
1 12 -39
4 18 -39
5 20 -31
9 17 -9
19 18 -15
13 11 -27
14 19 -28
11 17 -31
16 13 -5
8 19 -23
18 11 -36
1 2 -23
18 4 -17
12 7 -33
1 17 -32
8 7 -19
9 13 -24
11 15 -11
10 7 -26
19 3 -34
19 4 -33
11 2 -50
5 11 -6
15 17 -25
10 16 -14
9 8 -48
4 2 -44
12 15 -7
3 7 -19
19 2 -40
20 17 -31
15 8 -31
1 10 -7
9 16 -3
13 17 -50
20 11 -15
14 7 -16
10 17 -31
19 5 -29
13 2 -25
17 4 -2
7 8 -16
12 18 -29
16 10 -8
16 15 -41
6 8 -24
7 16 -22
13 8 -15
14 6 -40
17 1 -13
5 19 -23
7 10 -9
10 5 -8
6 4 -38
10 4 -8
2 8 -46
16 14 -15
10 13 -50
11 10 -8
13 15 -48
17 3 -19
4 9 -8
19 9 -33
7 5 -45
6 14 -20
3 18 -50
11 3 -18
12 19 -19
20 8 -50
7 18 -37
15 18 -17
3 15 -23
7 1 -14
14 12 -41
18 3 -29
8 10 -37
8 17 -37
15 7 -50
20 9 -18
14 11 -50
15 20 -7
