65306
154450
366395
709556
169648
75281
321256
361337
73826
155769
38578
55703
1372308
123984
211968
143350
659775
186181
7034
172832
595476
144935
129248
550215
117296
1313283
99624
36208
36580
163849
182161
344391
708668
153632
175182
110731
91598
237701
31176
46760
362812
84315
83446
22080
1277877
55706
438487
253952
564763
113988
130507
345648
340621
1195705
32118
146671
48450
106883
71453
96574
82564
31973
588962
64287
38097
137846
189640
27998
114886
1023384
4563
299955
217156
1188810
165724
303565
191829
151054
85587
86267
55475
1193994
631223
156110
52312
229773
496991
1307451
155751
1521004
144375
83409
117988
124575
33448
46422
195906
152288
863282
486546
