13140
79182
8946
123574
119852
248528
685675
1407504
1021073
710002
233640
504532
205017
159214
165680
50045
1034706
162462
67282
270850
60256
369794
61292
170544
72802
1280221
155358
57959
11473
43554
378045
24638
186088
226532
396582
301681
1406433
198490
151106
964022
254598
184679
23849
736876
114308
287047
1274900
42018
210981
496193
676468
26452
165575
946010
303671
197065
797020
64907
85906
1417550
76602
37351
149729
108550
1482
47664
723854
113378
60912
48516
775234
169008
90428
62934
452746
248137
157666
492246
179726
51610
117646
85269
650531
50993
238379
82573
70203
103388
24325
105106
180841
576248
100996
46244
597323
285720
395086
168843
304976
1229808
