111244
37388
106440
193200
1131840
83040
563904
235080
670080
98880
159840
2459520
154080
125179
1946880
178560
263232
29340
357600
280800
277632
352800
198458
562176
62118
240120
1175040
503424
115200
370080
781920
1800000
210528
62407
368315
117600
37444
630000
211680
385440
523008
982080
146160
31601
1431360
716160
180000
490752
1163520
213600
30144
1100160
172224
146319
325080
38622
145440
192747
30100
262656
112200
127872
960480
31960
437760
270720
261440
1150560
289440
126240
441792
475200
151440
72610
150300
240480
113856
446400
170880
5022
151920
2298240
1293120
77928
801600
15608
104544
164437
176640
198458
38807
928800
1431360
763200
192960
894720
114541
329760
149400
592560
