10
49 999999402 21
282 873 123 959 261 197 527 984 165 154 332 466 449 435 979 722 624 523 999 99 402 725 912 539 900 512 281 626 902 40 807 535 264 281 494 876 478 372 211 994 525 542 459 325 329 789 47 952 311
47 999999575 8
122 665 603 21 176 235 998 429 274 156 964 889 437 809 764 266 180 326 259 56 867 70 381 195 858 779 498 521 823 251 584 296 916 186 668 91 420 666 872 45 173 835 933 961 643 48 226
48 999999361 13
581 592 906 313 786 115 91 636 635 266 886 571 913 801 756 581 244 176 598 467 572 770 301 505 731 295 904 308 820 277 144 752 220 49 417 5 516 507 992 502 124 878 72 37 30 180 969 625
49 999999929 3
278 687 743 134 769 389 38 77 560 666 220 312 885 621 728 241 488 586 233 989 62 110 413 450 491 592 418 116 298 335 558 575 373 653 709 494 41 98 570 601 763 141 264 647 113 343 887 600 280
49 999999861 5
580 353 790 71 944 559 538 593 245 447 519 970 99 579 463 140 676 32 92 438 524 707 436 637 49 323 588 328 793 528 21 373 880 162 795 175 721 684 767 317 130 286 286 229 216 748 720 892 131
49 999999117 23
869 117 995 269 791 582 948 583 110 968 307 341 482 453 516 554 136 634 870 266 919 508 494 487 607 565 378 90 727 410 96 595 878 90 215 668 23 162 603 132 482 261 825 963 714 340 516 201 973
47 999999523 2
244 311 730 203 875 459 292 601 220 739 547 98 180 761 117 202 275 71 686 108 332 510 70 397 849 937 597 173 25 63 416 621 725 497 823 600 307 466 552 527 204 451 624 383 563 92 584
47 999999851 16
296 494 130 717 242 978 653 838 151 30 252 918 650 977 415 472 928 73 937 831 599 492 633 574 874 196 666 809 384 828 430 32 673 559 748 914 537 753 103 39 782 355 308 431 683 74 254
48 999999506 14
792 745 33 425 671 258 972 336 66 707 163 495 738 187 406 838 100 294 590 202 332 723 908 991 505 590 65 110 551 563 651 343 659 35 119 329 292 90 664 357 796 178 204 886 364 609 723 463
48 999999504 17
585 386 924 575 242 514 991 351 416 553 353 758 212 387 228 540 678 317 556 386 465 733 589 350 97 549 424 559 450 87 927 386 824 851 961 65 716 303 767 131 856 119 241 419 505 468 310 534
