10
50 999999094 19
454 55 601 747 120 446 842 954 891 14 396 939 693 316 423 150 713 50 316 3 826 976 505 296 620 460 220 360 723 830 831 176 237 431 274 708 228 116 661 471 129 409 409 173 724 184 322 788 233 989
48 999999756 5
646 58 288 458 277 648 180 458 478 708 694 260 981 402 840 96 62 310 576 822 70 749 897 253 422 684 838 763 177 247 79 175 304 366 632 580 365 811 390 194 518 83 806 851 484 645 946 898
48 999999699 23
375 974 968 980 395 651 817 157 180 415 587 354 71 305 985 2 669 147 391 215 665 474 20 515 309 16 812 206 321 685 277 47 10 244 26 405 246 194 913 425 609 500 130 31 804 114 32 824
47 999999730 11
277 896 57 143 204 424 306 762 744 343 38 143 352 633 520 756 230 714 21 7 674 520 136 704 675 602 735 498 214 509 536 490 404 944 984 960 368 289 721 463 631 110 605 335 94 477 90
49 999999257 14
681 215 981 817 270 655 770 356 505 983 865 392 824 620 335 807 579 54 95 651 869 78 112 825 412 205 301 853 880 842 315 560 56 647 728 325 654 849 681 158 831 545 901 654 164 587 812 95 641
49 999999620 13
336 209 685 99 413 986 303 644 827 969 556 235 968 635 559 621 484 591 130 314 487 30 320 3 616 131 449 608 389 193 468 76 401 505 526 166 490 181 809 668 149 716 902 116 351 813 88 834 755
47 999999796 14
598 170 596 566 301 44 525 41 588 993 469 341 497 994 858 338 174 18 357 675 734 611 142 84 775 582 269 529 150 767 122 100 937 717 665 589 112 189 629 700 533 97 392 381 443 249 70
50 999999846 2
642 999 389 136 434 163 717 702 43 218 821 165 317 757 233 333 697 697 522 325 396 406 774 139 787 568 387 208 535 4 986 529 355 374 16 788 888 732 842 931 949 662 95 618 770 679 950 466 375 823
48 999999797 21
915 260 367 834 998 926 369 354 912 249 708 637 264 847 525 347 40 455 647 701 901 264 822 931 566 287 658 388 781 779 968 695 391 686 881 740 612 601 93 875 849 152 511 464 351 387 810 390
47 999999449 23
93 72 264 376 637 903 33 376 683 811 696 729 553 381 609 293 344 209 737 218 57 889 81 520 239 467 681 980 660 489 422 104 560 686 479 548 588 511 275 270 674 970 998 578 703 607 222
