10
50 999999435 15
51 52 640 132 987 421 823 376 48 896 16 966 132 82 45 939 581 652 56 765 512 753 463 385 879 859 29 566 86 282 980 489 334 619 620 672 392 794 47 439 42 63 756 173 496 801 463 77 452 518
47 999999094 12
7 699 501 866 79 418 303 713 397 791 46 368 763 69 759 556 115 549 949 529 304 121 25 456 935 101 259 805 645 573 427 651 271 279 868 702 696 171 414 92 313 811 459 75 879 569 631
47 999999112 14
522 773 52 546 228 338 998 487 142 994 59 920 996 682 198 864 383 893 386 148 337 698 958 147 773 836 716 755 180 832 685 701 956 88 598 184 426 947 670 919 940 80 839 288 113 36 151
49 999999617 16
994 617 585 951 763 709 138 830 463 318 662 148 18 617 235 968 152 12 266 173 931 206 605 769 845 717 156 995 564 436 882 909 404 818 212 519 527 349 348 989 666 361 488 36 330 75 3 481 86
50 999999406 18
825 258 488 669 326 644 15 241 431 248 150 187 66 361 705 592 709 52 932 727 413 420 762 742 494 116 222 931 735 227 299 560 836 786 580 162 781 947 402 564 194 903 750 259 615 454 202 324 505 134
48 999999349 1
163 10 398 278 584 680 12 810 330 923 646 468 855 159 248 801 912 163 346 815 912 605 429 717 806 104 574 291 505 842 195 19 852 592 648 435 624 660 596 953 934 593 420 788 103 20 940 15
48 999999553 5
446 242 961 514 399 65 87 690 921 929 884 292 132 828 939 566 451 950 513 755 884 106 527 23 208 898 315 574 431 600 754 228 193 715 742 591 131 180 280 51 108 516 694 239 695 633 156 145
48 999999463 11
817 126 777 192 333 26 506 907 809 457 12 36 649 726 129 239 208 309 871 611 768 738 304 7 432 936 514 928 518 182 178 686 307 307 877 992 684 734 250 492 190 261 880 190 339 8 781 546
50 999999040 6
436 740 460 794 171 395 307 450 264 489 979 302 147 637 178 490 321 912 739 812 453 352 691 643 690 51 423 587 718 777 743 505 516 554 298 38 300 605 487 916 445 817 217 943 454 394 433 126 657 523
47 999999031 23
332 104 915 382 878 854 451 6 596 956 521 501 605 910 800 209 748 715 5 564 283 300 369 29 732 494 685 606 783 498 832 114 953 746 495 182 599 297 187 546 252 707 398 209 968 550 417
