10
47 999999641 2
891 741 893 885 937 47 354 661 246 1 176 238 254 115 68 530 989 665 345 230 327 937 716 44 849 963 236 872 811 250 139 702 342 383 586 630 430 940 290 675 292 817 912 545 931 332 427
49 999999139 19
852 674 59 567 69 259 881 304 483 692 905 973 393 246 356 978 227 785 269 516 459 912 332 722 809 614 53 587 236 400 709 87 425 120 654 493 378 886 148 212 577 404 185 321 649 540 299 227 324
49 999999213 14
183 425 855 991 390 260 577 625 11 637 64 436 756 69 280 486 954 428 697 531 831 881 851 832 772 501 58 447 772 152 580 954 928 787 944 318 46 872 294 56 508 357 843 616 425 123 101 379 902
47 999999745 7
30 463 915 801 316 325 248 87 476 179 40 403 965 335 72 10 558 366 418 65 722 612 32 147 734 132 877 987 281 137 71 310 951 985 462 266 309 61 352 136 240 743 539 204 77 610 566
48 999999658 23
403 49 946 434 547 32 566 423 18 198 911 88 859 861 425 320 127 85 733 830 221 972 573 111 527 1 72 444 987 399 778 741 799 76 174 345 107 91 767 476 288 677 564 146 537 340 818 15
50 999999587 20
996 873 769 458 751 121 530 195 107 280 324 847 78 399 373 422 857 463 188 333 103 216 248 600 104 587 417 119 362 318 963 358 542 83 167 293 203 696 839 662 327 162 860 404 913 232 177 769 47 716
47 999999190 6
700 748 35 638 517 153 1000 186 467 709 728 901 875 372 103 923 210 764 249 723 976 5 635 207 181 756 253 897 208 753 179 908 853 213 545 369 717 896 906 535 956 633 435 831 356 890 105
47 999999335 10
640 980 709 626 539 242 733 143 490 941 896 668 200 748 233 744 468 949 992 373 836 947 358 622 129 713 511 233 982 516 290 973 847 998 598 385 239 683 528 728 623 775 748 822 874 980 917
47 999999028 12
713 115 855 422 737 335 487 599 568 468 466 857 440 313 206 389 697 797 71 576 876 693 350 623 866 223 954 135 915 234 42 980 700 248 401 436 583 887 387 502 354 852 710 793 164 915 534
47 999999272 20
140 939 649 842 913 866 64 867 1000 331 100 42 310 799 641 710 587 223 949 973 76 302 176 785 447 692 52 980 904 114 935 395 404 583 236 317 449 652 183 448 982 634 841 291 784 482 352
