20
4925429858650134805186240
743887815454202
850198341123
2676957958495026334057952566993152970885645249
926995847503419793983769606045069858362
14865734224600780387883788716958534029754116484632332820993
00354976161504144709962344533093040448374624350723
1996361991053458033709162672801112768850155520546026934403605926193000
3
700754576392834114906538038151922929379
18611244636519313340655047206
479202456282711236799454
11837997817074803094449211178549825824728655137
67223444562338440944619674309167099354702157193
1789895858051721844
045470191554453350309372224060586026037202657202255384
36054212116720462847569014745108023654166750996272149
42536057871438864641852471996022276803700945
54438523883974776095805376580067621473
71599988708280817466694456725045196204375195399
