20
838798962175343718399974301428101180998216960231262
79619
73884914133976562898136474367
64845458861478035536
411895454919976444228696943671123204061454571115857648
33810122665061119566809584468303804826183811942021821701247097478
8299229350081419627631321417498237361216236577761646778040881807733
766905772436082973913796713448415135804060688
774619607343081428775590850630729380261027327689588057234429411452
787924442153632801166
85297869269252808235890091327985526405541668870993474594856546
10050525693572782131503188032676773936615084263
78048368381
40337752314032488967762710548624870645898292742538337708765747134191
9074011638133
00599146530093924131554
3744281306409886307448789214750
4786591
75765658625202224363095483355622201786
60392714173
