20
0539508809954376247407847188942926876878866
9323790
804612608110729506
0
263797489499872034865137010792939500440389488
04290926929118511
81627778816717158140754686649907079046849612527
635592278037046237293234156693258917157952
5660134069420908852642733225955732755
54298409
1457896438609176595079531716901076976511583590362981
44335928255142924074545582990016441264081797989509953733924
558109365548266445154320
551002752874451100686041318840015115603890256668628242584
885991236831944392962580732536016626751556
43382570731726971884447214589274702959244517134212658509
509973607658023530884019877499541648108886788053232853762703878944754865
3545197615275812050959398156702068798451198692017214343278049
473361715133927044478833
1245392055685936297767334034376612244669129815664430385789136
