20
837132662923882
61333169388178781497873266644073106
1236237034840
1987143919982289621106606966477785491912
00151235655237
348917612325238360713948516953989972653086639467658
55026
234313306981087819406057022370194
47170998016090132959682019140726434445468169392599477808
3510784241695298181008115193195446416030
9114095837011262123299775845
41582981676498516940479347841507865076443002076760729955650922638436092
0292159789198856375793087669704926
3132123
216863552982860030434059483538871487
3542563193
99962658795074910
8015450281338339176653705744
528734386790120679745590325
60032
